30 4 12 31 14 22 13 33 3 8 44 10 11 1 2 5 50 16 19 27 41 9 7 21 20 34 28 6 37 15 18 17 24 48 42 26 29 32 46 36 35 23 39 25 40 49 38 43 45 47
48 33 3 2 38 32 40 49 14 1 50 41 29 28 18 8 31 35 6 5 20 10 7 45 4 25 16 19 12 46 34 36 30 22 15 37 42 27 11 21 9 23 47 17 13 44 26 43 24 39
4 1 8 14 2 46 3 5 39 20 26 33 31 42 15 32 37 13 10 6 44 7 12 36 11 18 9 17 47 41 19 35 22 49 29 24 45 21 30 50 25 43 16 23 27 40 38 28 48 34
10 5 6 7 11 12 3 1 8 9 2 4]
44 4 40 1 12 14 18 19 29 16 2 3 17 21 42 5 43 6 11 7 39 10 8 9 22 23 13 15 45 38 20 25 30 31 32 26 49 33 27 37 34 50 41 24 46 48 28 35 47 36
43 45 4 1 5 2 3 30 41 40 7 14 17 6 8 9 18 21 10 33 19 46 12 35 48 28 13 49 11 22 31 16 24 25 20 27 47 32 39 29 15 34 42 26 38 50 23 36 44 37
32 33 1 3 26 30 14 8 27 28 7 19 39 41 2 10 40 35 4 9 44 29 17 25 31 47 21 12 46 36 18 20 43 37 16 22 34 48 5 11 38 6 13 49 15 23 42 50 24 45
30 13 3 46 11 5 4 1 7 31 10 21 18 9 12 36 40 37 39 14 26 20 15 22 19 23 2 8 6 28 25 34 27 32 24 16 43 42 17 47 35 29 45 33 41 49 50 38 48 44
34 3 37 9 16 35 4 15 6 17 39 22 13 21 5 43 36 18 41 11 7 40 25 33 8 45 48 20 46 26 23 27 32 49 2 10 42 19 30 24 14 38 12 44 50 31 47 29 28 1]
10 3 23 28 16 31 32 37 27 33 1 13 34 49 24 43 47 2 4 26 5 8 40 14 25 6 20 29 18 17 50 9 45 36 38 48 11 12 19 21 22 44 35 41 46 30 39 42 7 15
30 11 26 13 21 1 44 32 2 28 5 49 4 37 8 3 22 40 41 39 9 20 27 34 16 25 36 33 19 43 18 31 45 24 14 47 7 15 42 12 50 48 38 23 35 6 46 10 29 17
6 5 45 19 26 4 43 20 2 27 11 18 39 38 50 22 31 15 10 3 44 47 37 40 1 8 23 35 9 12 7 42 14 24 28 32 21 16 13 36 17 46 29 34 41 33 25 30 49 48
2 4 11 9 5 10 6 3 8 7 14 13 1 12
13 14 1 6 5 10 11 20 12 2 18 3 4 7 9 16 8 17 15 19
10 4 12 9 3 1 5 7 16 2 15 13 8 6 14 11
32 19 33 10 9 7 6 3 1 40 2 4 8 35 18 16 17 14 36 12 13 22 23 21 20 26 27 25 31 34 15 37 5 11 38 39 24 28 29 30
42 19 11 39 4 20 1 5 10 18 31 38 2 7 12 35 14 6 21 8 16 28 17 15 34 26 33 47 23 32 41 48 25 3 24 9 43 36 27 50 13 46 30 22 45 37 40 29 44 49
16 1 8 25 32 29 2 41 3 12 4 49 6 9 13 10 42 39 14 5 33 50 21 22 7 11 44 40 19 18 34 37 26 17 24 15 46 28 45 23 20 27 47 30 31 35 48 38 43 36
41 40 39 38 11 14 19 22 27 30 35 43 46 45 44 31 32 33 34 1 2 3 4 5 6 7 8 9 10 15 16 17 18 13 12 20 21 26 25 24 23 48 47 29 28 36 37 42
11 12 13 14 15 16 17 18 19 20 21 22 23 24 25 26 27 28 29 30 31 32 33 34 35 36 37 38 39 40 41 42 43 44 45 46 47 48 49 50 5 4 3 2 1 7 6 8 9 10
46 42 43 44 45 30 2 3 4 5 6 7 37 10 11 13 12 14 17 15 16 1 33 8 34 35 36 40 39 38 18 19 21 20 9 29 28 26 25 23 22 24 27 41 31 32 50 49 47 48
45 15 44 22 8 2 3 6 27 10 20 41 5 48 38 36 4 13 31 43 47 14 37 9 34 26 17 46 24 1 18 7 16 30 25 23 11 49 35 33 19 39 21 50 32 29 12 28 42 40
38 28 30 23 3 8 29 10 31 27 1 16 42 9 2 5 43 14 4 13 45 21 44 15 35 17 7 6 11 12 41 18 19 26 33 22 20 32 34 46 24 25 36 39 47 48 37 40
48 4 32 12 38 1 27 18 2 13 6 49 8 7 16 50 3 20 44 19 17 10 9 34 22 25 41 15 45 5 28 42 11 39 29 35 24 14 31 46 21 30 36 33 40 43 37 23 47 26
35 14 36 3 7 1 42 6 40 5 4 8 2 13 12 10 9 28 23 24 16 20 30 26 38 15 46 44 43 39 19 21 17 49 18 37 22 11 31 47 45 41 27 25 33 29 48 34 32 50
3 8 25 10 15 5 6 1 2 14 44 9 26 13 21 4 22 12 39 7 19 41 28 16 20 23 32 29 40 33 35 18 37 11 49 17 34 48 27 46 38 47 43 45 31 36 30 50 42 24
16 1 6 19 23 15 14 8 3 9 2 46 35 5 44 31 36 20 10 26 25 38 50 32 28 17 22 11 4 40 18 13 7 30 48 34 45 49 33 21 27 47 24 12 37 42 39 41 43 29
7 3 1 2 15 26 22 18 4 12 20 21 31 5 34 6 43 32 30 13 41 8 46 11 23 50 19 27 14 10 39 25 9 49 24 38 37 45 35 16 40 48 29 17 33 36 28 44 42 47
6 3 5 2 1 4]
12 1 6 2 36 43 17 4 16 31 5 19 35 3 8 7 10 23 39 29 40 50 48 25 13 45 26 14 9 34 22 20 27 38 41 33 24 47 15 18 28 37 49 44 42 32 21 30 46 11
1 5 3 2 10 12 11 6 8 4 7 9]
18 17 21 24 20 9 6 7 8 14 1 4 5 23 22 16 15 13 12 11 10 3 2 19
14 24 3 33 31 1 2 27 7 4 21 22 9 10 44 11 37 16 23 26 36 46 13 25 50 5 12 30 19 18 17 39 28 41 38 29 42 47 45 8 43 20 34 40 15 35 48 32 49 6]
50 3 42 12 16 46 17 49 25 21 26 5 1 2 22 11 6 18 14 32 34 7 4 20 36 48 8 30 41 27 23 13 15 19 9 28 35 29 37 44 10 31 39 38 43 40 24 33 47 45
23 21 14 4 35 38 5 3 15 16 17 44 2 39 12 34 42 18 13 25 10 8 20 47 6 1 33 