5 6 1 7 8 2 9 3 10 11 18 16 17 14 4 12 15 13
27 34 4 25 18 6 15 46 33 3 42 12 8 1 45 11 47 17 5 9 32 30 22 49 14 31 16 23 13 20 19 2 41 48 7 29 24 44 37 21 28 36 38 40 26 43 35 50 39 10
27 3 2 1 5 4 6 39 15 16 7 8 9 10 42 24 45 18 37 11 12 13 19 22 23 26 17 33 20 21 14 31 32 28 29 38 34 40 36 41 49 46 47 25 43 35 30 44 48 50
48 1 2 25 23 22 28 20 19 29 30 18 17 31 32 16 15 33 34 14 13 35 36 12 11 37 38 10 9 39 40 8 7 41 42 6 27 26 5 43 44 4 46 45 3 21 47 24
24 1 49 2 16 35 3 10 7 6 14 21 26 46 5 4 38 27 20 8 39 37 34 9 45 11 40 19 43 33 44 13 32 12 18 17 22 48 30 25 23 42 15 31 28 36 29 47 41 50
19 20 30 23 1 2 12 8 37 3 7 5 48 26 25 24 27 28 39 6 4 9 18 10 16 11 22 15 13 14 17 31 46 21 40 35 33 32 42 43 45 44 47 34 38 41 50 29 49 36
6 1 5 3 4 2]
26 4 2 21 1 25 3 7 23 12 44 38 28 50 6 43 49 8 34 40 10 42 31 46 16 11 14 9 37 13 20 17 15 19 24 35 22 45 29 30 36 5 47 18 48 41 27 39 33 32
5 4 7 3 6 1 2 8]
31 30 29 28 27 26 2 1 46 45 44 43 42 41 40 39 3 4 5 6 7 8 9 11 10 12 13 14 15 16 17 18 19 21 20 22 23 24 25 36 37 38 48 47 49 35 34 33 50 32
34 7 10 22 5 23 24 19 3 28 36 9 6 2 21 8 1 12 13 16 32 33 35 20 11 15 4 31 14 25 30 18 27 29 26 17
40 6 18 43 1 33 7 38 45 8 12 11 25 4 14 20 47 23 10 35 16 2 19 31 15 32 41 48 24 30 17 5 46 3 29 36 44 34 22 42 37 21 39 13 9 28 27 26
6 4 2 3 26 25 32 19 38 15 24 23 33 35 47 48 29 1 7 40 49 5 8 11 9 13 28 44 34 16 45 12 39 50 21 18 41 36 37 30 17 27 31 22 42 20 14 46 43 10
17 16 6 5 10 9 8 15 14 1 2 13 4 3 11 12 7 18
36 1 3 4 9 2 6 5 10 8 12 15 17 11 7 13 14 16 24 21 18 46 19 20 23 26 27 22 29 28 30 31 33 32 41 35 34 37 25 40 38 42 39 45 43 47 48 44 49 50
24 31 1 4 7 9 2 37 12 21 3 20 8 29 33 5 36 15 18 42 30 27 38 16 17 47 13 22 49 34 6 10 26 35 11 44 32 43 40 14 41 19 25 46 28 48 39 45 23 50
47 38 12 29 6 24 26 20 35 21 11 28 1 49 2 13 32 46 3 39 4 22 42 25 8 41 27 7 50 16 9 31 43 14 44 19 34 40 15 30 5 36 33 10 45 37 17 23 48 18
33 6 46 37 14 3 12 11 21 5 9 17 7 19 10 44 24 36 42 35 29 40 1 45 23 30 43 34 31 2 38 39 18 20 28 4 41 16 15 27 22 25 8 13 32 26
40 44 14 36 1 26 11 10 18 33 23 2 31 17 8 6 3 5 34 32 9 4 7 13 22 42 35 41 12 19 21 20 28 15 25 43 30 46 27 37 29 24 38 45 16 39
33 41 47 43 40 21 13 16 28 25 2 37 36 5 4 15 3 9 26 7 1 35 8 12 17 38 32 11 30 44 20 19 6 18 34 49 14 23 10 27 46 22 29 45 42 39 48 50 31 24
1 7 6 19 9 21 17 10 5 24 8 32 26 14 11 15 4 2 12 23 18 20 16 27 25 34 30 35 29 50 3 33 41 43 13 40 22 38 36 39 28 49 44 42 37 45 48 47 31 46
18 22 21 12 13 6 23 25 2 1 7 24 26 9 19 11 8 3 16 17 10 5 4 15 14 20
14 3 27 8 5 2 17 22 23 10 21 4 6 9 1 16 12 7 19 13 15 11 26 24 30 28 18 25 29 20
4 6 5 15 14 13 24 22 23 33 32 31 41 42 40 1 3 2 12 11 10 20 21 19 30 28 29 39 38 37 8 9 7 18 16 17 27 26 25 35 36 34 43 44
16 46 18 31 3 2 9 15 4 33 7 21 45 13 8 36 32 5 40 43 28 12 22 50 11 24 6 41 23 29 34 1 10 42 19 14 17 25 38 30 26 35 37 20 39 44 27 47 48 49
40 9 45 1 30 10 14 37 17 19 18 21 25 43 16 44 29 5 42 41 39 2 13 3 31 4 36 7 34 28 46 23 12 47 27 20 35 32 6 15 50 38 26 11 22 8 48 33 24 49
46 37 20 14 1 15 25 10 2 4 6 49 29 7 22 3 8 44 11 5 12 9 19 16 50 45 27 18 34 13 35 21 23 17 39 40 33 28 24 26 31 38 32 48 36 41 30 43 42 47
39 13 47 1 25 46 6 5 40 35 50 28 15 18 7 29 26 4 2 10 12 3 43 19 16 9 41 42 21 36 44 45 20 32 37 11 27 31 14 17 22 24 8 34 23 49 48 30 38 33
24 4 22 21 17 14 13 2 1 3 5 6 8 7 44 43 23 9 47 46 27 42 41 40 18 19 10 11 12 15 16 29 28 30 31 32 33 25 26 50 49 34 35 36 20 37 38 39 48 45
45 17 42 35 5 50 27 30 13 1 44 37 23 4 16 7 48 33 28 3 43 21 2 8 24 10 18 22 49 14 20 32 34 9 12 41 26 6 31 11 39 19 38 25 29 40 15 36 46 47
29 18 5 2 23 7 1 16 34 17 28 19 43 3 20 32 36 14 46 31 25 26 13 21 35 24 47 12 22 6 39 27 9 15 33 40 10 41 11 8 38 42 37 44 4 30 45 48
47 46 42 43 7 6 2 3 4 5 9 17 13 21 25 29 33 37 41 45 44 1 8 16 15 14 10 11 12 19 18 22 23 24 27 26 30 31 32 20 28 40 39 38 34 35 36 48
16 1 23 20 12 30 19 4 29 32 14 22 27 6 21 31 2 3 24 10 13 18 9 5 8 15 25 17 26 28 7 11
48 49 1 2 26 27 25 5 28 29 4 6 30 31 3 7 32 33 8 9 34 35 10 11 38 39 22 14 36 37 23 12 40 41 13 15 46 44 20 17 42 16 18 43 21 19 50 47 24 45
5 3 1 4 2 7 9 6 8 10 11 16 13 12 14 15
1 14 9 4 13 6 26 23 2 5 20 8 24 19 21 17 10 7 11 3 15 18 22 16 12 25
44 46 49 22 25 12 10 39 6 14 3 29 28 8 7 47 42 2 19 38 13 4 43 34 35 27 16 17 1 18 31 41 20 23 50 15 11 40 36 45 33 24 21 9 26 37 30 32 5 48
4 2 5 3 1 6]
1 2 3 4 5 6 7 8 45 17 25 19 13 11 32 16 21 48 10 18 12 14 30 31 35 20 40 24 27 44 33 15 41 39 28 26 9 36 42 46 34 43 23 29 37 38 47 49 22 50
32 33 37 38 26 25 29 30 18 17 21 22 10 9 13 14 2 1 5 6 42 41 45 46 34 35 36 4 3 7 48 8 15 11 12 20 19 23 16 28 27 47 40 24 31 39 43 44
5 19 22 2 34 42 28 14 47 8 31 3 49 18 12 40 27 4 43 9 24 15 41 1 23 13 46 35 6 10 11 30 17 48 25 39 29 16 7 36 21 45 20 32 37 33 44 50 26 38
46 1 23 39 49 2 24 11 40 28 22 29 30 7 16 8 31 19 3 9 27 5 42 44 48 15 6 21 17 33 10 25 13 12 35 4 14 47 18 34 26 45 32 37 43 38 20 41 50 36
28 3 27 37 23 6 2 41 32 17 4 7 44 8 1 5 35 46 50 21 12 33 24 45 19 22 29 15 16 9 47 48 14 40 31 42 36 34 18 25 30 38 39 49 10 26 11 13 20 43
16 45 10 33 4 34 7 1 6 14 38 21 44 5 15 42 23 11 3 43 46 17 9 39 18 12 26 32 24 2 25 47 40 22 19 8 28 37 13 35 27 29 49 20 48 30 41 31 36 50
20 21 2 37 13 49 3 33 27 6 12 22 45 5 18 47 34 48 9 43 19 28 15 36 4 25 44 10 7 26 8 42 39 1 23 14 16 40 31 50 46 32 30 11 24 38 29 35 41 17
8 3 10 16 22 1 38 18 21 6 36 5 12 14 4 47 17 27 24 30 44 43 31 9 13 25 49 7 33 23 40 20 19 48 26 50 42 41 15 34 39 46 35 28 32 11 37 45 2 29
40 46 5 1 7 34 50 10 29 47 35 32 26 13 45 27 2 3 8 31 12 6 36 19 11 4 16 14 9 20 37 49 24 18 22 48 21 15 25 33 38 41 23 28 39 42 30 44 43 17
6 2 44 16 3 42 4 5 8 22 10 24 21 47 26 11 1 38 9 7 30 34 43 27 19 14 32 28 23 25 31 12 41 15 50 17 37 20 13 18 35 48 46 36 45 39 33 29 49 40
38 3 47 46 9 10 50 45 4 44 1 49 31 30 7 5 34 16 6 18 21 11 15 33 26 41 20 22 35 17 39 37 36 8 12 43 2 13 27 48 25 14 23 42 29 40 28 24 32 19
37 16 20 2 1 21 45 15 4 47 3 5 41 7 39 40 38 27 30 9 12 14 33 31 42 10 48 34 35 13 26 6 18 8 11 44 46 22 17 24 19 23 29 43 28 49 25 50 36 32
35 22 6 11 19 14 38 46 47 48 44 43 27 26 25 29 28 32 31 30 3 2 1 5 4 8 7 10 18 17 21 20 24 23 9 13 12 39 40 36 37 33 34 15 16 42 41 45
43 8 7 42 27 5 24 10 2 11 6 30 23 31 1 3 15 20 35 46 50 49 25 4 12 21 13 32 29 44 16 45 9 26 37 38 18 14 22 39 17 28 41 40 19 33 48 34 36 47
34 1 50 2 49 3 4 26 5 48 6 7 27 8 47 9 10 28 11 46 12 30 13 45 14 15 29 16 32 17 31 18 35 33 19 36 37 20 38 39 21 40 22 23 42 24 41 43 25 44
30 34 1 8 26 28 6 13 32 31 2 4 44 36 3 17 40 27 21 10 46 43 20 25 39 33 5 19 29 47 15 14 49 42 18 7 45 38 23 11 37 12 9 35 16 22 41 50 24 48
42 50 7 10 19 6 2 15 4 41 21 32 24 1 28 3 20 35 31 8 5 49 14 9 12 33 17 44 46 13 43 18 40 45 25 36 37 26 23 16 47 22 11 38 27 39 48 34 29 30
15 1 2 19 6 20 3 13 4 9 14 16 10 8 18 17 11 7 5 12
14 1 26 3 4 27 5 6 28 7 8 29 9 10 31 2 30 11 12 32 13 40 15 33 34 20 35 36 18 37 38 16 44 49 17 45 39 19 43 47 21 46 22 23 41 24 42 48 25 50
38 24 2 26 45 41 16 19 5 42 17 1 10 29 7 28 22 21 18 9 50 40 11 23 3 39 4 20 13 35 6 27 8 34 31 36 46 15 14 47 43 32 12 25 44 37 49 48 30 33
37 26 1 2 27 28 3 4 29 30 5 6 31 32 7 8 33 34 9 10 35 36 11 12 38 39 13 14 40 41 15 16 42 43 17 18 44 45 19 20 46 21 22 47 23 24 48 49 25 50
2 4 7 13 18 25 28 29 24 42 37 5 9 16 19 23 33 34 39 38 46 48 3 11 20 21 26 36 1 8 12 10 14 15 31 17 43 49 6 30 22 44 40 27 32 41 45 47 50 35
7 2 11 1 8 3 5 14 13 10 4 9 6 12
1 5 6 2 3 7 4 8]
47 48 1 2 24 25 26 4 3 5 6 7 8 10 9 37 36 35 32 31 30 29 13 14 16 15 12 11 33 34 20 19 18 17 21 22 23 27 28 38 39 40 43 44 41 42 45 46
7 6 19 18 17 21 20 24 1 5 4 8 9 13 12 16 15 14 2 10 11 22 23 3]
18 1 19 32 28 29 3 12 41 5 17 21 2 43 6 7 22 37 9 48 44 10 4 36 8 24 31 13 27 11 45 39 23 14 47 20 42 30 26 15 33 46 38 25 49 50 34 35 16 40
25 5 7 13 16 9 24 39 19 45 50 12 21 1 15 31 48 17 22 6 2 35 11 18 8 28 37 30 4 20 44 27 40 14 42 36 49 41 29 47 3 33 23 32 26 46 10 43 34 38
2 4 1 3 6 8 5 10 12 7 11 13 15 9 14 16
40 1 2 8 7 33 5 13 3 19 17 12 34 30 20 29 11 6 25 27 37 10 28 18 9 21 15 4 35 14 26 31 38 24 39 36 22 16 32 23
19 6 7 1 24 37 22 2 11 45 3 46 8 32 50 39 4 12 21 10 31 15 49 25 14 9 13 17 20 5 34 33 16 28 47 23 40 26 44 27 30 48 42 18 38 36 29 35 43 41
12 21 26 2 6 3 31 18 4 5 8 14 10 15 40 25 11 28 9 19 45 27 22 32 34 30 41 17 7 16 13 29 42 33 35 39 44 38 50 46 20 43 48 36 37 47 1 24 49 23
27 7 12 8 38 13 9 14 15 6 43 5 1 49 30 44 17 18 33 4 3 2 41 21 25 29 16 19 35 50 22 28 42 37 31 39 36 48 47 34 26 20 10 11 45 23 40 32 24 46
33 2 1 17 22 13 14 18 19 3 4 5 6 8 7 9 10 16 40 39 49 50 36 37 38 11 12 15 21 24 25 26 27 23 28 20 35 34 30 29 41 43 42 44 48 47 46 45 31 32
22 7 25 1 15 6 4 27 9 11 21 10 12 13 2 31 24 33 34 3 23 29 20 30 19 14 8 26 18 28 17 32 5 16
21 5 32 2 11 24 46 3 42 9 4 30 29 6 1 8 25 7 40 41 33 22 15 14 45 10 18 49 12 43 27 48 34 39 38 37 36 50 17 13 16 35 19 28 31 23 20 26 47 44
14 3 48 28 26 18 15 27 17 47 31 32 38 43 25 44 1 29 40 2 9 7 4 24 5 10 8 37 45 34 19 11 30 16 39 21 35 42 12 46 13 22 6 23 33 20 41 50 49 36
16 29 14 33 24 8 17 4 27 6 3 35 5 12 2 10 15 11 7 9 1 32 20 31 21 18 13 40 22 38 39 19 26 23 34 25 36 28 30 37
16 5 4 1 2 3 10 7 6 11 8 9 19 20 22 13 23 24 17 21 12 18 15 14
3 2 1 5 4 8 7 6 11 19 14 22 27 35 30 38 43 42 41 37 36 32 31 18 17 13 12 16 15 34 33 29 28 24 23 47 46 45 44 40 39 10 9 20 21 25 26 48 49 50
24 23 22 18 19 20 1 2 3 4 5 25 29 9 13 17 21 33 41 45 37 36 35 34 38 39 40 12 11 10 14 15 16 27 26 30 31 32 6 7 8 43 42 46 47 48 28 44
49 22 8 15 4 14 33 45 7 1 17 43 30 9 47 20 12 2 5 40 21 44 19 11 29 38 24 34 3 39 16 48 13 6 26 28 10 36 18 25 46 23 32 41 27 42 35 31 37 50
2 6 4 5 1 3]
22 10 19 14 27 46 47 43 30 23 29 38 6 37 39 45 36 9 24 48 16 18 21 20 34 25 3 13 32 31 1 11 42 44 17 12 41 28 26 40 35 2 33 5 4 8 7 15
3 1 4 2 5 7 6 9 8 10
3 1 2 4 5 6]
1 2 3 4 5 6 7 8 9 10 11 12 13 14 15 16 17 18 19 20 21 22 23 24 25 26 27 28 29 30 31 32 33 34 35 36 37 38 39 40 41 42 43 44 45 47 46 48 49 50
12 42 48 6 25 16 24 10 1 11 3 21 17 9 2 43 8 39 4 38 36 23 13 35 27 34 26 7 15 20 45 18 5 47 22 50 32 31 19 41 29 46 30 37 14 49 40 33 28 44
50 48 23 24 15 8 9 4 1 2 5 3 6 7 10 11 12 13 14 16 17 18 19 20 21 22 25 26 27 29 28 30 31 32 33 36 34 35 38 39 37 42 40 41 45 43 46 47 44 49
18 25 24 12 11 15 16 4 3 7 8 44 43 47 48 36 35 39 40 28 27 31 32 20 19 23 22 21 17 10 2 9 5 6 14 13 37 38 26 30 29 1 42 34 41 33 45 46
23 18 14 26 19 4 24 20 5 3 15 11 2 16 6 9 17 1 7 27 8 10 22 12 28 25 13 21
13 2 1 3 4 5 6 7 8 9 10 11 12 50 15 14 49 16 17 18 19 20 21 22 23 24 25 26 27 28 29 30 31 32 33 34 35 36 37 38 39 40 41 42 43 47 44 48 45 46
25 33 11 13 2 43 19 29 34 1 24 21 42 16 20 41 46 9 14 50 44 17 49 18 35 3 32 12 4 6 8 7 39 23 28 5 37 31 27 36 30 40 47 10 38 48 22 26 45 15
2 8 32 10 4 45 47 6 1 28 23 5 36 9 14 3 7 27 25 22 41 44 49 12 48 37 18 13 20 15 16 11 19 24 30 26 33 34 35 43 17 21 31 39 40 29 38 50 46 42
35 20 9 47 7 50 5 27 2 33 8 48 1 49 44 3 42 15 10 26 13 39 32 19 6 41 4 18 29 23 38 37 24 21 28 11 36 31 22 30 25 34 16 12 43 17 45 46 14 40
15 36 9 42 16 21 35 13 38 28 26 5 1 12 17 6 2 14 37 4 47 30 3 23 18 8 39 32 7 11 24 34 25 10 27 22 29 49 20 46 45 40 31 48 19 41 50 33 44 43
3 2 1 5 4 8 7 6 11 10 9 13 12 16 15 14
46 11 5 1 8 28 2 3 4 44 39 16 41 24 14 12 7 10 9 6 13 22 17 40 32 21 15 26 23 36 35 43 25 29 18 33 30 47 42 31 19 45 20 27 38 34 49 48 37 50
29 42 32 6 3 31 12 7 48 41 43 46 8 23 22 25 10 1 27 50 18 17 39 4 20 36 11 9 19 45 15 30 34 35 38 44 47 5 2 37 14 13 16 24 21 49 26 28 40 33
40 34 48 18 15 3 28 2 12 44 45 5 1 20 8 14 43 6 4 16 7 47 38 49 26 32 31 42 23 10 11 25 50 24 17 33 41 39 27 19 9 30 21 22 37 13 35 46 36 29
1 10 2 6 7 8 9 4 3 5]
20 19 2 1 18 17 4 5 6 7 8 9 10 11 12 13 16 15 14 3]
