30 4 12 31 14 22 13 33 3 8 44 10 11 1 2 5 50 16 19 27 41 9 7 21 20 34 28 6 37 15 18 17 24 48 42 26 29 32 46 36 35 23 39 25 40 49 38 43 45 47
48 33 3 2 38 32 40 49 14 1 50 41 29 28 18 8 31 35 6 5 20 10 7 45 4 25 16 19 12 46 34 36 30 22 15 37 42 27 11 21 9 23 47 17 13 44 26 43 24 39
4 1 8 14 2 46 3 5 39 20 26 33 31 42 15 32 37 13 10 6 44 7 12 36 11 18 9 17 47 41 19 35 22 49 29 24 45 21 30 50 25 43 16 23 27 40 38 28 48 34
10 5 6 7 11 12 3 1 8 9 2 4]
44 4 40 1 12 14 18 19 29 16 2 3 17 21 42 5 43 6 11 7 39 10 8 9 22 23 13 15 45 38 20 25 30 31 32 26 49 33 27 37 34 50 41 24 46 48 28 35 47 36
43 45 4 1 5 2 3 30 41 40 7 14 17 6 8 9 18 21 10 33 19 46 12 35 48 28 13 49 11 22 31 16 24 25 20 27 47 32 39 29 15 34 42 26 38 50 23 36 44 37
32 33 1 3 26 30 14 8 27 28 7 19 39 41 2 10 40 35 4 9 44 29 17 25 31 47 21 12 46 36 18 20 43 37 16 22 34 48 5 11 38 6 13 49 15 23 42 50 24 45
30 13 3 46 11 5 4 1 7 31 10 21 18 9 12 36 40 37 39 14 26 20 15 22 19 23 2 8 6 28 25 34 27 32 24 16 43 42 17 47 35 29 45 33 41 49 50 38 48 44
34 3 37 9 16 35 4 15 6 17 39 22 13 21 5 43 36 18 41 11 7 40 25 33 8 45 48 20 46 26 23 27 32 49 2 10 42 19 30 24 14 38 12 44 50 31 47 29 28 1]
10 3 23 28 16 31 32 37 27 33 1 13 34 49 24 43 47 2 4 26 5 8 40 14 25 6 20 29 18 17 50 9 45 36 38 48 11 12 19 21 22 44 35 41 46 30 39 42 7 15
30 11 26 13 21 1 44 32 2 28 5 49 4 37 8 3 22 40 41 39 9 20 27 34 16 25 36 33 19 43 18 31 45 24 14 47 7 15 42 12 50 48 38 23 35 6 46 10 29 17
6 5 45 19 26 4 43 20 2 27 11 18 39 38 50 22 31 15 10 3 44 47 37 40 1 8 23 35 9 12 7 42 14 24 28 32 21 16 13 36 17 46 29 34 41 33 25 30 49 48
2 4 11 9 5 10 6 3 8 7 14 13 1 12
13 14 1 6 5 10 11 20 12 2 18 3 4 7 9 16 8 17 15 19
10 4 12 9 3 1 5 7 16 2 15 13 8 6 14 11
32 19 33 10 9 7 6 3 1 40 2 4 8 35 18 16 17 14 36 12 13 22 23 21 20 26 27 25 31 34 15 37 5 11 38 39 24 28 29 30
42 19 11 39 4 20 1 5 10 18 31 38 2 7 12 35 14 6 21 8 16 28 17 15 34 26 33 47 23 32 41 48 25 3 24 9 43 36 27 50 13 46 30 22 45 37 40 29 44 49
16 1 8 25 32 29 2 41 3 12 4 49 6 9 13 10 42 39 14 5 33 50 21 22 7 11 44 40 19 18 34 37 26 17 24 15 46 28 45 23 20 27 47 30 31 35 48 38 43 36
41 40 39 38 11 14 19 22 27 30 35 43 46 45 44 31 32 33 34 1 2 3 4 5 6 7 8 9 10 15 16 17 18 13 12 20 21 26 25 24 23 48 47 29 28 36 37 42
11 12 13 14 15 16 17 18 19 20 21 22 23 24 25 26 27 28 29 30 31 32 33 34 35 36 37 38 39 40 41 42 43 44 45 46 47 48 49 50 5 4 3 2 1 7 6 8 9 10
46 42 43 44 45 30 2 3 4 5 6 7 37 10 11 13 12 14 17 15 16 1 33 8 34 35 36 40 39 38 18 19 21 20 9 29 28 26 25 23 22 24 27 41 31 32 50 49 47 48
45 15 44 22 8 2 3 6 27 10 20 41 5 48 38 36 4 13 31 43 47 14 37 9 34 26 17 46 24 1 18 7 16 30 25 23 11 49 35 33 19 39 21 50 32 29 12 28 42 40
38 28 30 23 3 8 29 10 31 27 1 16 42 9 2 5 43 14 4 13 45 21 44 15 35 17 7 6 11 12 41 18 19 26 33 22 20 32 34 46 24 25 36 39 47 48 37 40
48 4 32 12 38 1 27 18 2 13 6 49 8 7 16 50 3 20 44 19 17 10 9 34 22 25 41 15 45 5 28 42 11 39 29 35 24 14 31 46 21 30 36 33 40 43 37 23 47 26
35 14 36 3 7 1 42 6 40 5 4 8 2 13 12 10 9 28 23 24 16 20 30 26 38 15 46 44 43 39 19 21 17 49 18 37 22 11 31 47 45 41 27 25 33 29 48 34 32 50
3 8 25 10 15 5 6 1 2 14 44 9 26 13 21 4 22 12 39 7 19 41 28 16 20 23 32 29 40 33 35 18 37 11 49 17 34 48 27 46 38 47 43 45 31 36 30 50 42 24
16 1 6 19 23 15 14 8 3 9 2 46 35 5 44 31 36 20 10 26 25 38 50 32 28 17 22 11 4 40 18 13 7 30 48 34 45 49 33 21 27 47 24 12 37 42 39 41 43 29
7 3 1 2 15 26 22 18 4 12 20 21 31 5 34 6 43 32 30 13 41 8 46 11 23 50 19 27 14 10 39 25 9 49 24 38 37 45 35 16 40 48 29 17 33 36 28 44 42 47
6 3 5 2 1 4]
12 1 6 2 36 43 17 4 16 31 5 19 35 3 8 7 10 23 39 29 40 50 48 25 13 45 26 14 9 34 22 20 27 38 41 33 24 47 15 18 28 37 49 44 42 32 21 30 46 11
1 5 3 2 10 12 11 6 8 4 7 9]
18 17 21 24 20 9 6 7 8 14 1 4 5 23 22 16 15 13 12 11 10 3 2 19
14 24 3 33 31 1 2 27 7 4 21 22 9 10 44 11 37 16 23 26 36 46 13 25 50 5 12 30 19 18 17 39 28 41 38 29 42 47 45 8 43 20 34 40 15 35 48 32 49 6]
50 3 42 12 16 46 17 49 25 21 26 5 1 2 22 11 6 18 14 32 34 7 4 20 36 48 8 30 41 27 23 13 15 19 9 28 35 29 37 44 10 31 39 38 43 40 24 33 47 45
23 21 14 4 35 38 5 3 15 16 17 44 2 39 12 34 42 18 13 25 10 8 20 47 6 1 33 31 27 41 32 36 22 29 45 37 46 19 11 49 9 48 28 43 30 7 40 24 26 50
40 4 22 1 29 16 39 2 5 37 12 10 27 26 21 32 6 3 7 9 20 17 30 24 33 11 15 13 47 38 8 34 25 14 42 18 50 28 19 46 31 36 48 41 44 49 45 43 35 23
42 41 45 44 48 1 5 4 8 7 6 11 14 19 22 27 30 35 38 43 46 47 34 33 37 36 40 39 26 25 29 28 32 31 18 17 21 20 24 23 3 2 9 13 12 16 15 10
25 26 35 30 29 4 44 42 39 47 2 16 28 43 50 49 3 33 14 37 8 10 19 32 17 11 21 22 31 6 12 18 1 46 9 13 24 38 41 5 45 20 36 27 7 15 23 48 34 40
30 43 9 39 2 29 21 12 26 31 4 14 27 7 11 33 37 24 40 17 5 50 23 22 42 19 8 41 48 1 15 44 16 36 45 3 32 6 47 49 10 46 13 38 18 20 34 35 25 28
2 7 1 4 6 3 5 8]
19 16 39 50 42 7 26 32 1 2 3 13 36 35 41 45 22 49 40 33 30 5 4 25 8 21 23 20 29 14 10 27 43 9 34 17 47 12 18 37 24 44 11 28 31 46 6 15 48 38
6 13 3 2 1 7 8 11 9 12 5 14 4 10
16 18 38 29 3 1 2 32 10 33 5 12 7 44 6 17 20 4 8 41 14 26 45 23 50 11 21 31 48 42 43 37 22 47 15 30 28 24 35 39 13 36 19 9 27 40 25 34 49 46
3 6 5 7 8 1 2 4]
1 2 4 5 3 6 10 7 8 11 12 9 13 14 16 17 15 18 22 19 20 23 24 21 25 26 28 29 34 30 27 31 32 35 36 33 37 40 41 38 39 42 46 47 43 44 48 45
26 10 3 4 27 20 33 11 18 6 14 2 49 30 5 12 7 13 29 9 28 36 39 24 21 22 16 25 45 23 43 47 48 19 32 41 38 31 8 37 42 1 34 44 35 17 46 50 15 40
12 1 9 4 3 23 24 20 15 6 8 7 21 18 17 10 11 16 5 22 13 19 2 26 25 14
14 1 3 5 2 4 6 8 9 7 11 15 12 13 10 16
3 2 1 5 4 8 7 6 11 19 14 22 27 35 30 38 43 42 41 45 44 48 47 46 10 9 13 12 16 15 18 17 21 20 24 23 31 32 28 29 25 26 33 37 36 40 39 34
16 31 8 23 21 43 34 22 6 29 35 44 40 45 41 48 47 10 39 11 25 7 2 20 27 30 14 13 1 26 15 19 17 12 18 3 33 42 38 28 37 46 9 5 4 24 32 36
26 27 2 3 28 29 1 31 30 4 5 32 33 6 7 45 34 8 9 36 40 10 11 35 37 12 44 47 14 13 38 39 15 16 41 23 24 46 17 18 42 19 21 49 25 20 50 43 22 48
14 17 25 3 1 6 5 16 22 37 11 27 26 42 15 34 2 13 18 33 29 41 19 30 31 47 8 38 50 7 21 39 10 9 49 23 20 40 43 45 4 24 32 28 12 48 36 44 46 35
36 5 12 20 13 21 44 37 28 45 29 4 2 1 3 6 8 7 42 41 43 46 48 47 18 17 19 22 24 23 10 9 11 14 16 15 26 25 27 30 32 31 49 50 33 35 38 40 39 34
30 27 25 3 28 7 22 26 18 6 32 13 17 34 8 10 33 47 14 12 35 36 4 2 29 9 44 38 1 21 40 46 5 42 15 31 48 23 41 50 11 39 19 45 20 16 37 49 24 43
15 20 21 23 47 22 6 14 3 25 2 13 1 4 33 9 16 48 46 8 18 37 24 5 7 35 44 31 40 43 32 17 26 29 38 42 11 19 28 30 49 36 10 12 45 41 34 27 50 39
7 1 37 3 6 29 16 33 4 27 23 5 26 8 2 31 17 12 30 21 41 10 11 47 28 13 38 40 14 46 50 24 49 45 19 35 43 25 39 42 18 48 20 15 34 22 44 36 9 32
4 2 10 1 3 6 8 7 9 5]
31 1 16 22 35 2 3 8 17 10 4 5 18 45 6 41 36 43 38 9 7 12 39 11 50 26 49 14 23 46 13 29 24 33 44 20 27 32 15 28 19 40 25 42 21 37 34 30 47 48
4 5 3 8 9 10 11 12 13 14 19 18 16 17 15 24 23 22 21 20 1 2 7 6]
2 43 6 20 29 40 16 25 32 4 11 35 48 41 5 10 9 38 1 7 8 3 17 26 24 13 12 19 21 46 14 15 47 22 18 27 30 31 36 39 45 34 49 33 28 37 44 42 23 50
36 23 10 22 1 27 9 6 12 24 28 19 37 30 44 40 48 15 41 25 8 5 32 17 16 42 18 45 20 35 39 33 46 21 29 2 7 43 11 14 26 3 31 38 13 4 47 34
22 2 10 3 20 21 12 8 4 11 18 15 6 9 19 1 13 14 17 5 7 16
37 11 9 32 6 3 20 7 1 36 17 47 38 26 8 5 31 18 24 15 14 2 16 44 34 46 21 43 39 22 10 13 12 23 28 49 29 50 25 45 48 35 4 40 33 19 42 30 27 41
19 14 15 17 18 4 5 6 1 2 3 9 8 7 11 10 12 13 21 22 23 30 24 29 27 25 26 28 16 20
17 22 6 25 50 37 9 10 21 35 4 40 29 39 16 15 1 24 12 45 20 3 36 11 38 8 7 31 28 18 5 19 44 30 13 14 48 23 47 26 34 43 42 2 27 32 33 41 46 49
4 14 8 2 12 1 3 10 5 11 9 6 13 16 7 15 17 18 24 30 20 23 31 21 27 25 26 19 32 22 29 28 34 40 46 36 35 42 37 43 41 33 39 47 38 45 48 44 50 49
17 1 19 11 50 8 18 14 24 42 29 16 12 43 32 2 7 30 3 46 6 15 22 23 5 39 13 20 10 21 44 4 38 28 27 34 9 40 33 25 41 35 47 26 36 49 31 45 48 37
15 29 44 22 33 13 32 47 5 12 8 37 45 24 23 16 26 3 39 18 10 4 42 27 35 20 11 1 6 28 14 46 21 19 30 43 41 9 50 40 2 48 17 7 31 36 38 25 34 49
32 31 29 25 26 27 28 19 20 21 12 11 10 5 6 7 4 3 2 1 40 13 14 8 9 17 16 15 30 34 33 35 36 37 38 39 18 23 22 24
15 27 28 8 14 39 20 34 23 7 13 45 31 43 36 12 16 3 19 26 42 32 29 2 11 33 44 22 1 40 46 25 17 47 9 10 38 4 49 6 18 30 41 5 50 37 24 21 35 48
16 30 22 50 4 26 18 36 9 35 12 10 48 1 23 5 34 40 39 14 43 13 7 19 11 17 37 47 2 27 21 28 41 20 33 29 24 8 15 31 32 6 46 42 38 3 25 44 45 49
43 41 42 2 1 3 4 6 5 7 8 10 9 11 12 14 13 15 16 18 17 19 20 22 23 21 24 28 29 25 26 30 27 39 38 40 31 33 32 34 35 36 46 47 48 44 45 37 50 49
10 9 13 12 16 15 14 6 11 22 19 18 17 21 20 7 8 4 3 2 1 5 24 23
32 19 33 46 30 20 40 1 50 5 4 6 42 11 39 2 35 18 12 28 13 10 22 36 9 16 47 8 31 7 14 24 25 27 34 17 37 49 3 26 45 44 21 15 41 43 29 23 48 38
6 15 17 5 2 41 3 1 12 7 10 38 33 35 49 21 43 34 16 9 44 24 13 50 36 14 18 22 20 4 29 23 28 11 31 8 45 42 25 39 27 30 19 26 37 46 32 40 47 48
4 2 1 3 10 6 9 5 8 7]
46 50 2 1 26 45 3 7 33 29 4 8 37 27 5 24 28 49 6 22 32 9 16 30 38 13 11 31 47 20 18 35 48 10 12 34 36 14 17 39 43 21 15 42 19 23 40 44 25 41
4 8 9 13 12 11 19 6 14 30 35 22 38 27 43 42 41 45 1 5 2 3 46 47 48 44 15 16 23 24 20 21 17 18 26 25 29 28 32 31 34 33 37 36 40 39 7 10
31 32 33 34 2 3 35 36 4 5 6 7 39 38 8 9 10 11 43 42 12 13 14 15 48 47 28 27 1 45 16 17 18 19 40 41 20 21 22 37 44 23 29 25 24 26 46 30
7 4 2 3 8 5 1 6]
1 33 13 12 15 2 5 6 3 49 17 8 27 26 18 22 14 36 7 11 23 9 29 47 4 41 16 35 32 30 48 34 45 24 28 19 37 10 39 38 31 43 21 20 46 25 42 40 50 44
25 24 23 21 20 19 17 16 15 13 12 11 9 8 7 5 4 3 1 26 27 28 29 30 2 48 47 45 44 43 41 40 39 37 36 35 33 32 31 6 10 34 14 18 38 42 22 46
37 31 40 23 1 4 13 47 6 25 3 39 10 9 11 22 33 20 21 17 45 30 2 8 24 38 19 26 7 42 27 28 44 35 48 46 36 41 5 15 43 12 32 14 29 49 16 18 50 34
1 6 2 5 3 4]
34 1 19 2 4 8 9 12 22 6 11 41 32 17 10 36 28 3 26 16 14 31 37 13 29 20 15 45 33 5 7 40 30 35 43 42 24 44 27 23 39 38 46 25 21 18
42 41 40 39 38 43 11 14 19 22 27 30 35 46 45 44 10 9 8 7 6 5 4 3 2 1 12 13 47 48 15 16 17 18 21 20 23 24 25 26 31 32 33 29 28 36 37 34
34 40 2 23 32 13 20 39 1 6 27 42 11 46 3 18 30 49 12 50 9 7 38 4 21 33 19 14 31 15 26 8 29 35 24 44 28 5 36 41 16 37 22 25 47 17 48 45 10 43
3 1 7 19 2 5 36 22 4 8 6 9 29 48 10 12 11 15 30 17 13 16 14 34 18 20 23 24 21 25 27 32 35 31 26 28 41 38 43 40 42 47 45 33 37 39 50 46 44 49
2 24 3 1 13 17 6 7 23 9 16 47 10 44 8 49 34 15 41 11 5 4 14 12 19 39 22 25 37 42 38 48 46 30 31 28 33 26 18 43 50 20 29 35 40 21 27 36 32 45
4 2 3 1]
19 4 1 22 20 3 6 11 21 2 5 10 12 7 16 25 15 8 9 17 26 13 14 18 23 24
23 2 18 8 37 20 1 25 4 5 31 40 26 15 27 7 9 6 10 19 32 39 29 17 48 49 11 16 12 42 36 46 3 45 50 38 43 24 35 22 44 14 34 13 47 28 21 30 41 33
6 34 31 46 3 22 26 4 5 1 8 11 15 24 12 10 14 47 9 17 2 18 20 16 33 43 7 13 21 44 28 19 38 41 35 32 25 23 30 49 29 42 45 39 50 48 27 36 37 40
43 2 28 14 37 1 22 50 3 32 20 10 39 45 19 4 27 12 16 49 18 44 8 42 13 6 30 7 34 11 46 5 29 31 9 26 35 21 41 33 25 36 15 23 38 24 48 47 17 40
40 7 41 8 1 3 32 6 4 2 38 43 37 36 12 19 22 5 35 45 9 14 42 30 10 34 13 50 27 16 20 33 26 44 17 49 11 48 47 15 18 24 46 25 29 23 21 28 31 39
43 2 32 33 4 17 10 5 6 34 16 9 44 46 8 18 1 20 11 3 41 26 50 35 7 37 22 39 25 42 15 14 24 49 19 36 12 30 27 40 28 13 29 31 45 47 21 23 48 38
38 9 28 4 27 7 23 32 29 22 47 50 20 25 35 36 1 21 26 2 14 45 10 12 30 3 46 15 6 44 33 13 48 31 24 49 37 5 19 34 41 8 16 39 11 17 40 42 18 43
33 37 36 40 39 38 11 19 6 14 27 35 22 30 43 42 41 45 44 48 1 5 4 8 7 10 9 13 12 16 15 18 17 21 20 24 23 26 25 29 28 32 31 46 3 2 47 34
3 16 8 11 19 9 26 24 7 1 4 17 5 25 2 6 12 13 14 20 10 21 22 18 23 15
47 45 42 41 37 38 34 33 21 22 3 1 5 6 2 4 7 8 9 10 13 14 11 12 15 16 17 18 23 24 19 20 29 30 26 25 31 28 27 32 35 36 39 43 40 46 44 48
