22 11 1 47 7 9 19 37 2 26 28 5 14 33 17 24 23 8 29 20 49 41 30 32 16 40 48 38 27 12 21 25 43 3 4 46 15 13 31 34 6 18 10 45 50 44 36 35 39 42
14 12 26 1 2 27 5 6 28 3 4 29 9 10 30 11 7 31 8 35 13 32 15 34 33 16 36 37 17 38 39 18 40 41 19 42 43 20 44 45 22 46 21 23 47 24 48 49 25 50
50 2 26 46 11 1 35 24 27 4 40 3 28 5 29 22 30 23 31 7 32 14 41 6 47 21 49 15 39 16 36 8 33 10 37 9 34 18 38 12 44 13 42 25 45 43 17 19 48 20
27 41 1 6 25 3 49 30 14 2 33 5 12 43 23 22 35 8 31 13 17 48 4 32 7 42 20 9 19 36 50 15 11 38 21 29 44 39 16 34 40 47 37 18 28 24 10 46 26 45
20 17 4 24 2 25 30 7 15 40 32 6 1 35 31 3 36 11 10 5 8 13 16 12 18 44 42 21 28 43 46 29 26 48 23 41 38 9 45 22 33 19 34 50 37 39 49 47 27 14
8 6 14 16 1 9 11 2 10 12 3 15 4 5 13 7
37 28 5 6 44 7 9 46 2 1 30 14 26 39 11 31 20 12 42 41 25 33 50 3 38 29 8 10 40 35 4 36 13 17 27 15 21 49 32 16 43 18 19 34 22 23 45 47 24 48
28 6 26 38 11 48 7 15 13 3 46 41 18 9 36 14 34 2 47 39 20 10 19 17 50 37 22 45 40 8 12 49 21 1 25 42 32 23 30 31 27 24 33 44 16 29 5 43 4 35
30 2 1 3 4 5 6 7 8 9 10 11 12 13 14 15 16 17 18 19 20 21 23 22 29 25 24 26 27 28
21 24 1 2 3 4 5 6 7 8 9 10 11 12 14 13 15 16 18 17 20 19 26 22 25 44 23 34 27 48 28 39 30 35 29 32 31 40 33 41 36 45 38 42 37 50 43 49 46 47
2 1 4 3 6 5 8 7
13 11 2 26 42 38 45 5 36 6 50 1 41 9 3 34 8 29 25 4 15 10 37 22 12 14 7 43 44 16 31 18 27 19 17 20 21 30 49 40 24 23 32 33 46 47 35 28 48 39
43 32 2 25 30 42 8 36 22 1 34 14 13 26 4 35 46 3 19 27 12 47 17 28 37 5 31 15 20 45 9 39 44 6 23 29 50 11 10 41 24 38 21 49 16 7 48 40 18 33
29 48 46 28 5 13 2 11 19 10 17 7 12 20 18 42 41 49 23 47 33 39 34 22 35 31 6 4 38 37 16 8 1 9 15 24 3 27 30 43 25 36 26 44 40 21 32 45 50 14
26 21 48 42 7 19 1 9 32 12 5 15 4 2 8 14 41 10 22 20 37 36 11 16 18 47 35 24 3 44 27 13 17 29 28 25 30 23 6 50 31 49 33 40 38 43 34 39 46 45
46 21 1 26 10 4 28 3 14 27 39 2 25 50 6 38 43 5 30 7 8 29 32 24 12 47 44 19 45 15 42 17 11 48 40 13 35 22 36 33 9 34 18 20 41 16 49 31 23 37
27 1 4 47 2 36 3 6 23 30 5 7 8 40 9 42 11 14 12 25 10 29 18 33 15 22 20 13 34 49 28 39 43 24 16 35 17 46 21 48 41 32 19 26 31 45 38 50 37 44
27 26 25 37 36 32 33 45 44 40 41 5 4 48 1 13 12 8 9 21 20 16 17 29 28 24 23 3 2 6 47 7 14 10 11 19 18 22 15 35 34 46 39 31 38 30 42 43
3 5 2 6 4 1
15 9 11 43 10 17 21 5 2 7 35 3 8 16 34 45 14 44 19 6 1 13 12 33 31 18 20 47 23 30 29 40 28 39 4 41 38 26 25 36 22 46 49 24 37 48 32 42 50 27
29 18 6 33 1 22 27 4 3 26 20 48 45 11 5 40 23 2 39 49 7 19 42 31 21 13 50 12 28 25 32 17 37 30 8 38 35 15 36 43 16 46 10 41 9 14 44 34 24 47
34 3 42 1 9 37 6 32 17 5 23 7 2 12 14 29 4 10 16 40 22 36 18 38 20 27 19 28 21 41 30 24 15 31 25 11 8 44 13 33 35 39 26 43
47 46 45 44 43 42 41 40 39 38 37 36 35 34 33 32 31 30 29 28 27 26 25 24 23 22 21 20 19 18 17 16 15 14 13 12 11 10 9 8 7 6 5 4 3 1 2 50 49 48
6 2 25 5 10 13 17 16 3 8 11 19 9 26 24 7 1 4 12 21 22 14 20 18 23 15
2 4 9 15 6 20 1 3 8 5 17 14 19 7 16 11 10 12 13 18
29 8 1 3 32 47 4 45 42 5 13 6 11 15 24 28 20 50 12 21 2 27 16 22 49 30 48 31 19 34 7 17 9 41 44 43 14 25 18 10 26 39 38 35 37 36 23 33 40 46
29 1 22 10 46 15 44 16 3 7 20 12 38 23 17 2 13 27 37 21 42 32 45 14 25 33 31 26 6 9 4 41 28 8 5 47 43 48 49 24 11 34 30 35 50 19 39 40 18 36
6 10 7 8 1 49 3 20 40 4 31 34 25 2 33 43 11 9 27 39 24 42 23 16 45 21 5 18 12 19 37 15 26 17 13 14 35 38 46 44 50 22 36 30 32 47 29 28 48 41
40 19 24 3 34 11 9 46 14 33 2 36 4 22 47 8 42 1 32 35 6 12 28 21 44 16 10 5 7 13 17 27 15 30 49 18 23 37 20 25 31 45 43 48 50 29 26 38 41 39
23 50 41 38 1 2 6 3 4 7 14 18 10 15 47 11 16 21 28 13 9 33 30 12 8 22 36 17 43 19 45 20 24 49 44 26 32 27 46 34 40 31 35 48 42 5 37 39 25 29
14 4 38 22 41 10 6 1 2 40 29 37 12 45 49 3 5 19 15 26 13 50 11 34 9 31 21 18 42 28 48 17 39 20 32 43 25 44 35 24 27 16 7 8 33 47 23 46 30 36
31 32 29 28 25 24 21 20 17 16 13 12 9 8 5 3 2 1 4 6 7 10 11 22 27 14 19 30 35 43 38 46 47 48 45 44 41 40 37 36 33 34 15 23 26 18 39 42
7 37 2 46 50 3 14 15 47 6 40 5 32 17 11 12 35 10 20 48 13 22 49 38 16 25 39 4 29 30 26 41 43 42 45 33 1 8 31 19 18 24 21 27 23 28 9 44 34 36
12 48 20 2 17 3 1 25 8 4 44 6 7 27 9 23 10 36 30 15 5 22 49 29 14 19 28 33 18 13 31 42 11 24 47 37 39 45 50 32 43 41 34 16 46 40 21 26 38 35
31 1 30 15 32 29 4 8 41 26 7 50 43 19 44 6 3 2 12 27 5 34 42 9 23 24 28 21 16 45 20 10 33 13 40 49 37 18 47 22 25 14 11 39 46 35 36 48 17 38
18 17 21 20 24 23 22 6 14 19 11 27 35 30 38 46 45 41 42 47 48 44 43 3 2 1 5 4 8 7 9 10 15 16 12 29 25 26 31 32 28 13 33 37 36 40 39 34
2 9 4 3 5 13 1 6 7 8 10 11 15 12 14 19 48 40 18 34 31 20 33 22 47 23 16 28 35 29 36 27 24 26 41 17 37 25 44 45 32 43 21 38 50 30 49 46 42 39
28 26 23 22 4 3 2 6 7 5 9 10 1 8 11 12 19 18 15 14 13 16 17 20 21 25 24 30 27 29
29 46 1 10 43 30 25 7 28 39 12 4 26 37 2 8 49 35 13 3 27 34 19 15 31 32 9 14 40 33 5 18 50 38 6 21 44 36 17 16 47 11 20 41 22 24 48 42 23 45
16 43 23 2 5 48 34 10 26 18 19 28 25 47 9 4 1 3 40 39 13 8 27 6 24 14 50 21 41 33 35 20 30 12 22 42 31 49 7 32 17 38 46 36 11 45 37 29 44 15
47 48 8 7 34 4 3 6 14 1 2 16 13 18 10 5 30 26 9 11 44 32 23 28 15 36 33 45 20 17 19 22 21 25 12 43 27 46 41 31 24 29 35 38 37 39 40 50 49 42
33 3 4 9 36 10 43 8 28 1 22 29 6 11 14 5 13 7 19 23 31 47 2 12 16 48 49 15 18 24 30 20 40 17 26 21 44 34 27 25 38 37 46 35 42 50 32 41 39 45
27 1 2 6 11 40 12 22 50 23 15 39 16 32 3 19 34 17 10 29 9 38 25 4 35 5 49 8 44 7 47 14 46 36 21 13 18 26 45 20 31 43 28 41 30 33 24 37 42 48
5 8 10 7 3 6 2 1 9 4
44 41 1 2 26 21 22 27 23 24 28 25 29 30 4 3 31 32 19 11 35 33 5 6 48 43 17 13 34 36 7 8 37 38 9 10 47 42 16 40 39 12 14 46 15 18 45 49 20 50
45 33 19 2 32 3 9 12 1 10 5 11 7 13 4 21 28 24 8 6 15 42 16 29 41 27 26 35 23 46 47 43 25 31 18 14 37 30 17 34 40 38 49 20 22 50 36 44 48 39
19 20 39 24 1 32 5 6 36 44 31 7 50 29 11 2 3 13 17 42 4 25 26 16 14 8 10 45 47 9 18 34 15 27 38 33 43 22 28 41 21 23 37 12 40 49 35 48 30 46
48 50 4 24 3 35 11 2 32 37 21 5 10 26 44 7 6 30 1 8 46 38 19 20 9 22 36 41 47 25 29 27 45 49 28 31 40 23 42 34 43 33 17 18 12 15 14 13 16 39
39 24 49 5 15 2 4 3 18 9 7 26 38 6 20 10 34 22 23 41 35 43 16 36 14 11 12 30 25 47 29 31 1 17 13 33 45 8 19 48 40 27 28 42 37 46 32 44 21 50
9 18 2 7 5 40 6 46 4 1 38 12 3 47 13 43 19 20 31 21 36 48 30 44 25 10 35 15 29 45 14 39 27 22 16 11 50 24 34 23 8 28 41 49 42 33 26 17 37 32
4 21 10 9 39 3 2 6 20 25 22 8 26 23 24 38 35 7 27 1 11 13 19 28 16 34 41 15 47 46 31 12 5 45 40 30 36 49 29 32 18 17 33 44 37 42 43 50 14 48
43 16 23 15 1 4 24 13 17 31 41 2 30 49 3 7 25 22 34 8 28 36 14 6 12 27 9 18 42 44 11 19 50 48 20 21 39 26 46 38 47 40 45 10 35 37 32 33 5 29
32 2 8 19 5 11 41 18 20 10 3 50 15 4 36 21 43 46 35 29 1 14 26 34 17 12 9 40 37 7 23 6 28 31 47 39 25 22 48 24 16 42 27 13 38 45 30 33 44 49
22 5 15 11 13 20 6 7 1 9 21 14 8 2 12 18 4 16 3 10 17 19
34 33 37 36 40 39 38 6 11 19 14 22 27 35 30 43 42 41 45 44 48 47 46 3 2 1 5 4 8 7 18 17 21 20 24 23 10 9 13 12 15 16 25 29 28 32 31 26
7 35 1 25 33 17 15 6 20 24 43 40 12 26 46 41 48 4 13 10 23 11 2 30 39 34 22 19 9 21 29 45 32 36 44 28 14 18 42 8 3 16 49 5 37 27 47 31 50 38
1 2 4 3
4 10 9 1 7 6 3 5 2 8
16 11 12 10 9 3 2 6 1 4 8 7 5 15 17 18 14 13 19 20 21 22 26 27 23 24 28 25 29 30 35 34 38 37 31 36 32 33 39 40 41 46 42 43 49 44 48 47 45 50
7 46 2 1 6 10 39 11 4 48 27 21 44 5 19 17 9 37 12 43 3 8 26 40 24 41 47 31 38 32 14 15 13 29 18 20 36 30 16 22 25 34 28 23 42 45 33 35 50 49
28 22 3 4 17 11 20 37 27 30 7 1 13 21 10 32 50 19 31 15 42 8 23 35 34 2 5 25 12 26 29 43 46 18 9 48 14 44 41 40 47 24 36 33 6 16 38 45 39 49
25 22 46 26 2 1 27 28 4 3 29 30 6 5 31 32 8 7 33 34 10 9 35 36 12 11 37 38 14 13 39 40 16 15 41 42 18 17 43 44 20 47 45 19 49 48 24 23 50 21
7 31 21 12 23 8 13 6 1 11 2 4 3 22 43 5 9 34 24 17 41 40 36 45 14 37 39 32 19 30 20 47 29 48 27 28 10 25 33 16 42 26 49 15 44 35 38 46 50 18
3 1 2 4
26 1 34 39 7 41 2 8 30 13 21 47 9 42 3 50 20 11 36 19 6 48 5 49 28 23 46 35 4 14 31 18 16 27 17 45 33 10 40 32 12 29 15 24 43 22 37 44 25 38
47 46 42 8 1 2 3 4 5 6 7 9 10 11 12 13 14 15 16 17 18 19 20 21 22 23 24 25 26 48 49 50 27 28 29 30 31 32 33 34 35 45 44 39 40 41 38 37 43 36
39 1 34 26 18 4 15 17 25 33 2 10 32 11 3 14 35 5 36 38 7 12 28 8 23 22 9 19 16 6 13 31 24 20 40 37 30 29 27 21
27 1 2 4 3 5 6 8 7 9 10 12 11 13 14 16 15 17 18 20 19 21 22 24 23 25 26 28 29 31 30 32 33 35 34 36 37 39 38 40 41 42 44 43 46 48 45 47 50 49
11 40 43 5 48 17 36 2 19 3 45 18 15 6 4 21 14 41 22 29 7 12 8 31 32 24 13 50 33 39 25 35 38 1 26 46 34 37 20 27 16 23 44 9 47 42 28 30 49 10
4 2 16 5 20 19 30 1 8 11 13 3 12 45 47 24 25 48 40 9 27 6 7 32 10 33 21 38 31 34 46 15 42 41 39 37 23 43 26 14 22 17 29 44 50 35 49 36 18 28
5 2 10 3 9 7 8 1 6 4
19 1 3 50 2 9 4 5 6 7 8 11 10 18 25 21 22 14 13 17 12 23 24 28 27 26 33 29 30 31 32 36 35 34 41 37 38 39 40 44 43 42 49 45 46 47 48 16 15 20
45 1 26 2 14 47 3 21 15 30 25 5 22 39 16 24 19 9 23 10 20 4 18 7 13 43 31 36 17 35 48 44 8 41 42 6 34 11 49 37 32 38 28 40 12 50 33 46 29 27
33 37 36 40 39 38 43 6 11 19 14 22 27 35 30 46 3 2 1 5 4 8 7 18 17 21 20 24 23 12 16 15 10 9 13 26 25 29 28 42 41 45 44 48 47 31 32 34
13 1 3 4 9 2 18 6 5 8 14 16 11 12 15 7 17 10
25 2 1 28 11 4 17 20 7 23 15 22 9 24 18 13 10 26 3 21 5 14 8 12 6 16 19 27
12 29 13 2 4 35 40 14 21 3 22 1 15 36 19 25 24 9 17 16 10 7 6 18 33 34 8 37 5 26 20 27 28 38 11 30 39 31 32 23
44 42 26 3 47 39 1 25 2 11 4 5 37 23 31 32 21 35 6 28 38 15 18 8 20 14 16 49 43 17 33 36 10 24 12 41 50 19 46 7 30 13 22 48 40 27 29 9 34 45
28 6 2 20 15 8 37 1 4 44 33 14 16 11 32 3 10 34 35 5 30 17 9 7 39 31 18 23 41 40 21 29 19 22 12 47 36 24 38 45 25 48 50 42 43 46 26 27 49 13
40 1 2 3 4 5 6 7 8 9 10 11 12 13 14 15 16 17 18 19 20 21 22 23 24 25 26 27 28 29 30 31 32 50 33 34 35 36 37 39 38 41 42 49 44 46 43 45 48 47
43 36 1 2 26 28 15 21 47 29 3 4 27 30 5 6 49 32 10 7 39 38 8 25 45 44 16 12 41 50 22 9 34 35 18 17 31 40 20 19 33 14 24 46 13 11 37 42 23 48
20 14 26 42 8 47 36 13 35 3 37 22 25 29 9 24 49 1 30 50 19 15 27 16 17 45 34 18 38 44 2 28 4 7 41 48 5 31 39 6 40 10 11 32 23 21 43 33 12 46
22 2 1 26 42 19 36 38 7 18 6 5 34 20 3 4 12 9 10 14 11 29 40 17 15 50 49 21 46 45 43 48 31 13 28 27 23 24 39 41 44 25 35 8 47 37 16 30 33 32
26 46 12 24 49 8 9 45 37 1 28 18 35 31 25 41 42 3 4 27 15 5 36 34 19 16 29 17 44 6 13 50 2 14 39 10 38 47 11 40 20 43 30 7 32 33 21 22 48 23
13 19 37 35 20 3 21 5 9 24 30 40 46 23 45 29 25 32 6 12 26 33 36 27 16 8 2 31 28 7 11 4 1 14 10 49 38 22 41 43 42 17 34 39 47 18 48 50 15 44
1 2 3 4 5 6 7 8 9 10 11 12 13 14 15 16 17 18 19 20 21 22 23 24 25 27 26 28 29 30
48 44 45 40 39 33 30 29 23 20 19 13 10 9 3 2 6 7 4 5 1 49 43 42 46 41 8 11 12 16 17 14 15 18 21 22 26 27 25 24 28 31 32 36 35 34 38 37 50 47
38 3 4 40 43 8 37 2 15 29 7 36 18 10 6 19 16 30 1 11 27 22 42 20 13 26 17 21 25 14 24 12 9 5 31 28 50 23 32 34 45 48 44 33 39 35 49 47 46 41
2 5 6 1 4 3
23 45 25 10 9 3 35 49 31 17 21 41 20 7 32 30 29 44 1 11 24 42 39 2 6 38 27 19 48 33 13 46 28 26 14 12 8 22 47 40 16 4 37 15 43 34 36 18 50 5
49 13 6 22 4 26 7 37 11 5 28 3 38 50 1 12 2 31 15 27 8 23 21 39 19 14 10 16 48 47 45 32 9 20 36 17 33 18 24 30 25 40 29 46 43 44 42 35 34 41
1 3 2 7 25 4 5 9 8 18 12 24 21 14 10 13 11 15 30 20 19 6 26 16 17 32 22 23 27 28 31 29
41 11 4 35 47 49 39 3 23 10 28 1 19 27 9 36 16 32 5 17 22 43 37 13 25 48 44 30 2 21 20 12 8 26 24 7 6 18 38 34 50 14 29 46 31 42 15 45 40 33
2 1 5 4 7 8 3 6
47 2 1 20 40 4 33 3 21 5 13 6 7 9 10 31 25 14 37 23 35 27 8 11 15 12 16 19 36 22 24 32 48 50 34 30 17 45 42 46 43 26 41 18 49 29 28 38 44 39
28 7 32 24 36 47 1 39 3 2 35 4 19 46 8 43 49 21 12 26 13 41 15 20 30 6 11 27 45 5 44 38 9 18 31 14 33 10 37 29 16 42 25 48 22 23 34 40 17 50
37 38 7 11 33 3 17 28 5 35 12 42 16 32 13 47 4 20 39 25 6 19 8 41 23 1 45 9 49 2 26 14 29 31 21 40 24 18 10 43 15 44 30 34 48 22 50 27 36 46
22 11 14 45 50 9 40 10 3 24 36 15 23 4 30 31 1 8 6 39 13 7 17 12 28 21 26 19 42 48 2 5 29 27 38 35 16 18 20 43 33 32 41 44 34 37 25 46 47 49
14 13 1 2 9 8 7 10 5 6 15 4 12 11 3 16
5 4 9 2 1 6 10 8 7 3
7 6 1 5 4 3 8 2
6 4 3 7 2 8 1 5 10 9
27 16 14 5 19 1 13 44 17 36 39 3 25 10 9 21 8 2 45 40 31 11 4 35 37 6 38 28 7 15 41 23 34 22 29 43 32 42 12 48 33 20 46 18 24 30 47 26
26 43 49 1 3 24 37 2 40 9 36 6 38 30 4 47 14 10 50 46 22 12 5 7 16 42 28 19 31 48 17 25 33 18 21 8 20 15 23 11 13 35 32 44 39 34 27 45 41 29
48 49 14 15 8 1 4 2 5 3 6 7 9 10 11 12 13 16 17 18 19 20 21 22 23 24 25 26 27 29 28 30 31 32 33 35 34 36 39 42 40 38 37 41 45 43 46 47 44 50
26 3 32 28 27 5 10 23 37 14 18 31 38 1 47 8 2 17 35 29 11 13 7 12 20 4 9 42 40 45 48 46 24 16 6 15 30 39 19 21 44 25 50 41 43 34 36 33 49 22
35 3 48 14 41 7 8 37 29 4 34 9 10 19 11 42 44 27 18 25 32 6 5 1 30 46 47 16 2 39 43 22 12 17 24 31 36 21 49 26 13 50 23 20 15 33 38 28 45 40
19 20 2 43 1 36 16 3 31 9 4 6 48 13 7 42 32 46 5 21 50 47 8 15 25 12 28 39 11 14 22 45 33 10 27 18 23 38 17 29 24 35 30 26 40 49 34 37 44 41
20 18 1 9 16 14 2 3 22 12 4 5 15 11 6 13 7 10 17 19 8 21
7 5 2 3 1 4 6 9 8 10 19 11 12 13 15 14 18 17 16 20 21 22 25 28 23 24 26 29 27 31 40 38 33 32 36 39 35 34 37 30 47 42 41 45 44 49 46 50 43 48
5 4 2 3 6 1
12 9 8 5 3 2 1 4 6 11 19 14 22 23 24 21 20 17 18 10 7 15 16 13
14 12 1 41 5 47 6 17 13 31 25 26 3 2 4 11 28 7 9 8 35 15 24 19 20 10 18 16 22 21 27 23 29 30 33 32 36 34 37 43 45 44 48 38 40 46 39 42 49 50
16 2 1 5 24 10 13 4 3 9 17 7 6 21 25 26 30 27 28 34 31 29 42 36 32 38 33 35 8 11 37 40 18 12 39 41 14 15 45 46 50 44 43 20 48 47 19 22 49 23
47 9 11 6 21 13 2 8 46 3 5 1 29 10 32 39 27 14 22 25 35 4 34 37 40 15 7 17 16 18 24 12 28 20 48 19 44 26 42 36 33 49 30 23 41 43 38 31 50 45
37 24 5 7 18 43 36 22 26 35 34 2 19 3 8 10 15 32 30 47 46 4 1 28 9 11 40 33 13 16 49 23 20 48 14 41 12 25 44 27 31 50 42 45 21 29 38 39 6 17
16 2 4 3 6 7 13 15 14 9 10 17 11 1 18 5 8 19 20 12
47 18 27 6 19 11 14 37 43 31 32 35 44 23 40 38 41 13 34 21 48 28 29 5 25 10 30 36 16 12 4 9 20 2 1 24 33 8 7 3 45 17 22 26 15 42 46 39
25 39 3 33 12 50 15 22 9 31 34 48 43 18 49 13 46 20 30 1 2 17 4 24 16 28 21 19 8 35 5 6 41 10 26 14 29 37 27 7 38 44 11 47 32 45 42 23 40 36
7 12 41 6 3 2 9 26 32 37 18 36 24 35 21 47 19 17 1 8 11 13 27 16 14 42 49 15 34 25 45 28 4 31 5 10 23 46 22 43 30 44 50 39 29 20 33 40 38 48
2 28 49 32 11 26 13 7 1 3 37 19 9 22 23 30 5 29 48 40 6 27 14 18 20 36 41 31 42 47 45 25 43 44 4 10 15 50 8 17 21 16 34 46 39 24 12 33 35 38
19 5 4 33 6 10 35 9 31 8 16 2 11 7 26 12 36 34 25 1 13 32 3 29 18 21 23 14 20 37 15 27 24 39 28 30 22 40 38 17
43 9 30 25 32 19 11 5 10 29 1 31 4 13 48 8 37 15 45 39 28 36 47 18 21 42 44 3 40 38 33 7 35 26 49 6 20 46 12 2 17 50 24 27 23 41 16 34 22 14
31 36 1 2 39 3 20 8 5 4 23 38 45 10 15 6 26 12 17 7 32 9 48 13 40 47 16 27 11 14 44 42 43 21 18 46 49 30 33 19 50 25 29 34 35 22 28 37 24 41
18 8 35 22 34 1 9 15 44 45 13 2 11 19 10 20 12 7 17 3 46 28 5 21 40 23 49 29 6 14 50 4 37 38 33 39 47 16 24 48 26 32 41 42 25 36 31 27 30 43
48 8 1 3 40 42 17 7 2 6 21 9 12 24 5 41 4 36 13 11 26 20 45 15 46 10 35 25 34 18 39 47 28 38 49 23 14 44 33 31 16 19 27 32 29 43 22 30 37 50
50 46 42 3 4 11 8 1 2 40 21 28 24 19 14 43 6 9 22 16 5 26 15 7 10 45 33 29 12 37 18 35 47 38 17 49 23 13 36 41 20 27 39 48 30 31 44 25 32 34
23 22 18 19 20 21 5 9 13 17 37 41 45 33 25 29 28 27 26 30 31 32 40 39 38 34 35 36 48 47 46 42 43 7 6 2 3 4 1 8 44 10 14 15 16 11 12 24
17 1 26 50 2 49 3 48 47 4 46 5 6 27 7 45 8 9 28 10 11 29 12 13 30 14 15 31 16 32 33 18 34 35 19 36 37 20 38 39 21 40 22 44 23 24 41 42 25 43
44 33 1 45 9 3 41 49 17 8 35 6 22 43 36 2 4 48 18 21 26 47 10 27 12 16 38 13 5 40 32 7 50 34 14 30 11 29 39 20 42 15 24 31 23 19 28 46 25 37
30 1 3 2 13 28 4 6 20 24 15 5 11 26 38 31 44 34 43 32 12 14 19 8 50 16 42 17 33 45 37 40 21 47 7 23 39 18 35 41 10 22 46 25 29 27 9 36 48 49
40 4 29 34 39 19 13 42 18 24 2 16 12 5 8 10 21 15 11 14 36 25 30 37 44 43 50 3 1 20 46 28 26 22 23 7 49 6 17 9 35 47 33 27 48 32 38 31 41 45
4 5 7 20 30 8 3 10 14 1 31 2 36 17 39 6 12 32 18 48 19 45 11 27 15 22 26 23 34 33 24 28 41 38 21 37 46 16 25 9 47 29 42 50 13 40 35 43 49 44
13 5 3 17 12 1 2 11 9 14 19 10 7 15 4 6 20 16 8 18
49 48 1 2 26 25 24 27 28 3 4 29 30 5 6 31 32 7 8 33 34 9 10 35 36 11 12 37 38 13 14 39 40 15 16 41 42 17 18 43 44 19 20 45 21 22 46 47 23 50
39 43 18 4 47 41 14 48 2 1 42 3 32 8 7 31 44 6 22 28 27 12 19 29 30 15 16 34 33 17 49 50 9 10 26 25 20 36 24 37 38 23 45 40 5 35 21 13 46 11
47 4 7 27 1 6 28 16 2 38 9 3 33 12 10 36 21 15 26 31 11 13 30 43 14 34 8 35 42 22 29 5 39 32 17 40 41 18 37 49 20 50 19 25 46 24 48 45 23 44
35 8 1 34 20 2 26 45 16 32 4 15 14 3 5 13 18 36 46 6 27 10 7 23 44 12 41 11 43 28 50 22 9 38 33 47 39 17 40 24 48 29 19 25 31 21 30 37 42 49
7 1 27 28 4 2 26 29 3 12 36 30 6 5 31 32 8 9 33 34 10 11 35 37 13 14 38 39 19 23 50 40 16 17 41 42 18 15 43 44 20 45 46 22 47 48 24 21 49 25
30 44 21 31 1 11 7 18 26 19 48 49 46 4 2 47 45 29 36 25 35 41 38 5 37 22 3 50 28 6 39 40 33 34 10 42 14 43 24 8 23 9 27 20 12 13 15 16 32 17
12 48 41 3 37 46 1 44 4 7 32 17 40 8 31 9 19 45 16 36 49 5 30 33 6 18 28 10 13 29 11 2 38 14 27 43 21 22 39 34 20 23 50 25 15 26 35 24 47 42
39 27 9 14 26 1 49 4 6 28 5 30 7 8 29 2 3 31 11 12 32 13 38 18 44 21 46 22 47 23 43 10 41 33 16 34 35 15 37 36 17 42 20 40 19 24 45 48 25 50
7 6 5 2 1 3 10 4 9 8 30 13 12 16 11 14 17 15 18 20 19 25 22 23 24 26 29 21 31 32 33 36 34 39 37 40 38 35 27 28 42 47 49 50 43 41 48 46 45 44
21 23 6 9 22 25 42 5 16 10 8 2 31 45 28 11 4 12 40 13 36 15 35 17 3 48 32 1 24 38 34 19 50 37 49 41 26 14 7 46 29 30 33 27 18 20 39 47 43 44
39 2 13 46 40 43 38 1 29 15 36 30 47 10 21 44 4 14 34 16 35 17 9 3 18 7 24 23 49 11 5 20 25 32 6 19 22 12 33 41 26 48 8 45 28 37 27 31 50 42
15 6 13 1 2 12 5 10 4 3 9 7 16 8 11 14
13 32 42 8 35 49 16 21 10 38 1 34 19 41 29 2 17 5 11 28 45 14 3 47 40 30 46 22 7 33 15 48 37 9 4 24 44 50 26 20 6 36 39 31 23 27 25 18 12 43
14 27 46 16 6 9 18 21 8 2 1 12 42 3 48 7 22 4 5 47 35 10 11 30 38 37 24 26 32 13 29 20 33 49 15 17 19 44 28 34 39 43 31 25 50 45 36 40 23 41
3 21 35 43 2 18 23 6 24 25 32 4 13 7 47 5 11 26 45 42 8 17 1 31 33 12 36 37 19 10 15 22 9 30 41 16 49 44 40 48 38 14 20 28 34 50 27 29 39 46
3 15 33 26 4 5 27 21 1 17 38 37 2 9 34 32 6 7 25 22 19 10 35 29 8 11 39 30 12 31 23 13 14 40 16 18 28 24 20 36
4 30 50 13 31 40 9 2 36 43 20 22 37 26 27 5 3 18 35 38 14 16 1 7 49 11 44 25 19 39 46 41 8 28 6 17 10 34 33 24 48 15 32 21 47 45 42 23 12 29
45 22 3 30 2 41 35 5 29 44 1 25 32 4 6 28 7 8 38 9 12 31 16 14 26 15 20 36 21 43 37 11 40 47 18 42 33 13 39 48 10 46 17 23 27 19 34 49 24 50
47 4 3 2 1 50 17 18 19 20 21 22 23 24 25 26 27 28 29 30 31 6 5 46 41 10 9 8 7 44 33 38 13 12 11 40 32 15 14 37 34 35 16 36 39 42 45 43 48 49
48 40 7 39 41 18 23 5 6 1 29 3 21 9 10 27 42 17 25 14 4 19 30 8 22 38 26 43 15 2 11 47 33 24 31 37 28 34 12 13 46 16 20 45 35 49 32 44 50 36
8 2 49 23 37 11 10 50 4 17 28 1 42 44 18 48 32 5 9 40 6 26 12 7 38 14 24 30 19 36 39 3 29 31 16 47 45 15 41 27 21 33 35 25 43 34 22 20 46 13
8 5 10 11 12 1 7 6 2 9 3 4
1 30 2 6 8 3 35 38 13 39 33 9 36 5 42 21 17 15 7 19 10 34 11 23 20 4 22 40 44 48 49 28 16 29 12 31 43 37 32 47 18 46 27 26 25 45 14 24 41 50
29 24 2 4 9 10 5 15 1 19 25 34 36 28 23 33 44 17 21 11 38 12 30 32 13 6 43 3 20 27 45 48 14 8 16 41 46 22 39 18 26 40 7 31 37 35 42 47 49 50
37 2 44 19 1 23 21 45 27 6 40 9 39 8 20 3 7 10 22 11 34 5 17 49 13 12 29 14 18 47 43 28 41 16 38 26 4 35 15 31 33 30 36 25 42 48 32 46 50 24
8 13 15 2 11 4 3 23 6 10 19 20 17 7 22 5 12 9 18 24 21 1 14 16
3 46 1 22 2 13 45 5 4 40 42 48 6 43 7 19 18 12 9 23 15 10 17 8 36 44 11 24 16 20 14 31 25 28 21 33 34 35 29 38 47 32 39 41 27 30 37 26
28 29 32 31 36 33 34 35 38 37 42 39 40 41 1 2 3 4 5 8 7 13 19 10 16 22 21 24 6 9 12 11 14 15 18 44 43 48 45 46 47 23 26 25 30 27 17 20
5 8 3 33 29 9 50 36 42 10 43 28 37 30 32 6 4 12 1 14 2 11 27 31 19 13 21 22 7 15 17 48 16 46 24 25 49 34 23 26 41 44 38 20 35 45 40 18 47 39
32 4 45 2 1 3 7 44 25 17 5 9 8 11 13 40 16 12 14 6 10 18 20 22 19 26 23 29 15 24 47 46 21 36 31 37 48 34 43 27 33 28 39 41 38 50 30 42 49 35
1 2 3 4 5 6 7 8 9 10 11 12 13 14 15 16 17 18 19 20 21 22 23 24 25 26 27 28 29 30 31 32 33 34 35 36 37 38 39 40 41 42 43 44 45 49 50 46 47 48
21 4 5 20 1 19 9 15 16 6 17 10 13 8 26 11 25 7 14 2 22 24 18 23 12 3
38 26 2 3 28 37 9 6 48 40 7 24 27 43 17 5 41 49 15 1 50 35 16 13 29 34 20 19 31 32 23 4 30 45 25 8 44 33 22 14 36 11 10 39 18 21 47 46 12 42
44 41 1 2 26 21 22 27 23 24 28 25 29 30 3 4 33 31 5 6 37 32 7 8 34 35 9 10 36 38 11 12 39 40 13 14 42 43 15 45 46 16 17 47 20 18 48 49 19 50
49 48 9 2 3 12 17 32 38 21 11 19 6 31 37 18 5 14 4 27 28 41 1 7 34 44 29 26 30 42 16 13 15 22 23 46 40 39 10 35 24 20 8 50 43 33 45 47 25 36
43 5 28 1 9 15 18 6 26 3 7 16 44 36 10 13 38 20 23 4 11 19 12 37 14 49 24 2 48 8 25 17 21 46 50 30 32 41 34 42 33 22 27 31 29 40 39 35 47 45
11 39 2 5 20 3 44 33 13 36 34 6 35 4 41 10 1 12 27 7 50 37 28 45 16 18 43 8 17 48 23 49 24 30 9 42 21 38 14 15 25 40 19 26 22 46 29 32 31 47
15 1 2 5 11 49 8 3 9 41 27 39 4 47 34 38 29 10 14 32 20 31 6 16 44 45 7 13 28 22 12 40 25 50 21 35 17 23 18 33 42 19 24 30 48 46 43 37 36 26
25 3 2 19 15 5 8 45 11 44 7 28 26 50 13 29 30 18 23 38 36 21 40 22 6 10 47 4 14 20 9 31 46 34 16 37 27 39 12 24 32 1 49 35 42 43 41 33 17 48
18 3 13 1 41 5 27 20 2 22 7 9 36 6 8 17 37 49 46 34 11 40 10 23 47 14 21 15 43 12 35 16 19 28 44 31 30 33 45 38 39 4 26 29 25 32 50 48 42 24
5 15 28 20 8 27 11 34 21 3 46 12 42 25 36 2 26 14 49 4 50 43 10 37 6 17 31 9 23 45 41 1 39 40 7 29 44 16 30 47 13 48 24 35 22 19 33 32 18 38
2 4 1 5 6 3
21 7 20 5 30 24 17 12 1 8 2 9 11 14 18 3 25 6 10 13 23 4 26 15 28 22 19 27 16 29
30 50 12 34 33 6 19 3 23 31 4 27 37 18 8 9 46 48 15 2 40 7 1 14 44 10 20 5 22 42 26 11 36 39 25 24 47 43 45 16 32 49 17 41 21 29 28 13 38 35
47 16 1 2 3 4 5 6 7 8 9 10 11 12 13 14 15 17 18 19 20 21 22 23 24 25 26 27 28 29 30 31 32 50 33 34 35 36 49 38 48 37 40 39 42 44 41 43 46 45
2 1 3 34 4 33 9 10 11 5 6 7 8 32 13 14 15 16 17 18 19 20 21 22 23 24 25 26 27 29 28 30 31 12
5 3 10 7 1 8 2 4 12 9 6 11
12 6 5 3 4 7 8 2 1 13 14 20 17 15 16 10 11 21 22 28 25 23 24 18 19 29 30 36 33 31 32 26 27 37 38 44 41 39 40 34 35 45 43 42 48 47 9 46
1 2 3 4 5 6 7 8 9 10 11 12 13 14 15 16 17 18 19 20 21 22 23 24 25 26 27 28 29 30 31 32 33 34 35 36 37 38 39 40 41 42 43 44 45 47 46 48 49 50
34 8 2 16 42 33 4 9 24 5 37 10 20 17 39 26 45 23 30 12 47 44 40 38 25 6 27 48 7 13 3 15 11 1 18 35 29 21 19 31 14 22 50 36 32 41 28 43 46 49
1 14 17 3 2 9 4 20 5 7 6 12 19 15 10 18 11 8 13 16
32 8 1 4 34 45 23 10 24 7 2 37 30 27 38 25 46 43 3 20 9 15 5 11 12 21 14 6 17 36 13 22 49 29 33 40 26 35 42 16 31 48 28 39 18 44 50 41 19 47
31 41 38 44 5 1 3 12 2 17 50 8 32 9 4 6 10 16 13 14 24 25 48 46 30 19 49 20 15 28 47 22 37 29 33 35 43 36 39 40 7 18 11 26 21 23 27 42 34 45
12 1 45 4 11 5 46 13 7 10 14 26 3 2 30 23 6 32 31 40 24 50 47 17 20 25 48 16 15 22 8 9 37 28 34 39 21 43 44 33 36 41 35 49 27 42 29 18 38 19
38 10 12 16 36 11 3 5 32 24 25 15 2 46 39 7 45 4 22 6 19 13 34 27 8 42 30 14 20 35 9 26 44 17 40 48 47 31 23 21 43 18 37 29 1 28 33 49 41 50
19 1 39 12 27 28 13 33 26 9 10 7 37 44 4 45 5 25 36 29 6 2 41 17 3 32 14 31 16 35 22 21 42 24 20 15 11 34 40 30 38 43 46 18 8 23
39 21 34 7 10 11 40 2 3 24 12 32 31 25 29 38 4 8 18 13 14 16 26 33 6 36 20 42 15 22 1 41 9 37 28 17 5 30 27 19 23 35
10 9 24 49 3 4 48 45 7 8 11 12 5 6 17 18 47 31 32 2 1 14 13 39 40 28 27 25 26 20 19 46 44 43 22 21 30 29 23 36 16 15 37 38 41 33 34 50 35 42
44 4 37 2 7 10 6 36 14 27 50 29 42 21 41 1 16 38 33 22 49 25 28 23 47 5 35 34 18 46 48 13 45 8 3 15 9 26 30 19 12 39 43 31 11 17 24 32 20 40
33 32 31 30 35 22 27 6 11 19 14 38 43 42 41 40 39 1 2 3 4 5 7 8 9 10 12 13 28 29 15 16 17 18 20 21 23 24 25 26 36 37 50 49 48 47 46 45 44 34
15 44 25 14 20 22 19 13 45 10 12 16 50 1 2 3 4 5 7 6 38 30 8 36 26 35 9 18 27 49 31 11 46 17 40 29 39 28 43 47 21 48 24 23 32 33 34 37 42 41
23 1 2 11 24 38 36 3 4 6 7 5 19 40 8 9 30 50 10 12 44 48 13 14 16 18 43 22 21 28 26 27 41 29 39 31 35 45 49 37 32 34 17 15 46 42 20 33 47 25
41 15 31 45 12 2 42 14 20 4 5 6 13 27 49 46 28 48 32 11 23 44 1 3 10 25 37 36 24 16 7 29 18 26 21 35 8 40 50 22 33 34 9 38 19 17 43 39 30 47
6 4 1 2 5 3
30 10 2 36 27 29 14 37 22 5 6 38 25 50 44 4 33 47 35 1 3 43 20 8 9 13 32 16 19 26 7 46 15 42 39 45 34 28 41 18 11 21 24 17 40 49 12 23 48 31
30 45 38 19 35 22 23 2 18 4 26 3 11 21 12 28 42 34 8 20 41 15 49 33 43 32 46 16 25 10 1 5 47 37 6 24 31 9 44 17 48 36 27 14 39 7 40 13 29 50
28 34 20 21 1 2 5 50 16 19 27 9 41 38 49 12 4 31 14 22 6 37 15 7 8 3 33 13 17 29 24 42 18 32 48 39 26 23 45 43 11 44 10 40 25 30 47 46 35 36
33 48 32 38 2 3 44 26 10 20 5 6 35 31 8 18 28 29 9 21 34 36 30 1 50 41 39 4 45 7 11 27 42 37 24 17 14 49 40 15 12 46 19 16 25 13 22 43 47 23
7 2 46 3 47 41 11 19 4 27 1 8 14 17 32 15 18 6 44 10 13 21 40 22 30 50 9 34 5 39 20 26 33 31 42 25 35 12 36 24 28 48 49 23 43 16 38 29 45 37
10 5 6 7 11 12 4 2 3 9 1 8
28 4 40 41 24 6 11 1 12 10 27 32 31 14 18 2 33 34 13 15 45 44 42 46 22 16 19 3 17 21 5 7 39 23 48 47 30 29 8 9 43 25 26 49 50 20 38 35 37 36
25 48 35 2 38 8 4 14 1 5 7 3 30 41 40 13 49 6 9 33 11 10 12 19 15 17 46 16 31 22 18 21 20 27 47 32 24 39 37 45 23 44 29 28 34 42 43 36 50 26
50 44 6 10 26 30 14 8 27 28 21 9 43 29 17 25 31 47 1 3 32 33 2 15 40 35 24 4 34 42 12 20 36 46 23 13 49 45 5 11 38 22 16 37 7 19 39 41 18 48
16 24 18 42 43 6 7 25 34 2 8 12 1 4 5 9 13 3 46 11 22 15 29 17 47 35 10 28 27 32 36 14 26 20 21 45 19 49 30 44 48 37 31 33 41 39 40 38 23 50
5 4 15 9 16 35 25 33 3 37 36 18 41 11 7 12 44 48 20 6 17 39 22 13 21 24 8 45 26 46 19 2 49 14 38 30 29 40 28 1 31 47 27 32 50 10 23 42 34 43
39 45 1 13 2 4 26 7 8 40 14 25 27 5 3 23 10 34 49 24 9 50 15 20 29 18 16 28 36 38 48 11 17 12 19 21 6 22 43 47 42 37 30 32 31 46 41 33 35 44
50 3 4 37 39 38 48 5 49 7 23 40 41 1 44 32 2 28 29 10 35 12 26 13 18 19 33 36 25 6 15 46 8 14 9 17 47 20 27 22 16 21 34 11 43 31 45 24 30 42
21 4 5 6 36 13 10 15 44 3 37 28 24 14 42 7 48 30 49 27 2 20 1 8 23 35 9 11 18 39 38 25 47 29 33 50 22 31 12 40 17 43 41 26 46 32 19 16 45 34
2 4 11 9 5 10 6 3 8 7 14 13 1 12
5 10 6 14 1 13 11 20 12 2 18 8 16 4 7 9 3 19 15 17
10 4 1 3 5 7 12 9 16 15 2 13 8 6 14 11
19 20 21 27 6 34 15 4 1 33 2 3 5 37 28 36 9 38 10 35 18 12 13 22 23 32 14 17 26 25 7 16 39 40 11 31 24 30 29 8
2 7 36 43 1 10 5 34 15 17 29 4 12 3 8 44 21 6 48 25 47 32 23 41 31 38 9 24 20 11 19 39 35 14 46 13 50 27 22 45 37 40 26 33 30 42 49 16 28 18
30 1 8 25 32 29 2 48 35 41 4 49 6 33 5 42 12 3 23 10 11 7 22 21 50 9 44 18 19 16 47 20 24 17 26 14 39 28 15 27 46 13 31 36 43 37 34 38 45 40
41 40 39 38 43 46 11 14 19 22 27 30 35 34 33 32 31 1 2 3 4 5 6 7 8 9 10 12 13 15 16 17 18 23 24 25 26 20 21 28 29 36 37 45 44 48 47 42
47 46 45 44 43 42 41 40 39 38 37 36 35 34 33 32 31 30 29 28 27 26 25 24 23 22 21 20 19 18 17 16 15 14 13 12 11 10 9 8 7 6 5 4 3 1 2 50 49 48
16 17 15 10 9 4 2 3 5 6 7 37 12 11 13 14 18 19 20 21 22 23 24 1 28 27 26 25 44 46 43 42 41 29 30 50 45 31 8 34 35 36 32 33 38 39 40 48 47 49
12 2 7 6 27 36 4 10 20 41 24 31 43 3 18 1 32 35 21 22 44 15 45 5 13 29 19 33 23 17 8 40 42 28 50 34 9 26 37 16 30 25 49 11 46 14 47 38 48 39
5 2 14 20 32 7 17 26 33 15 3 8 29 23 9 19 24 1 27 28 30 6 11 12 39 37 42 35 22 10 31 36 41 18 48 46 13 45 21 44 4 47 25 34 38 40 16 43
44 17 10 35 26 46 31 4 1 13 23 30 3 6 49 8 7 16 50 38 22 34 9 5 45 11 24 25 41 15 14 2 18 27 48 42 28 47 12 32 21 19 39 29 36 40 33 37 43 20
49 6 40 1 42 3 7 4 41 24 23 2 8 50 15 22 14 35 38 9 10 12 5 13 30 20 16 11 21 19 33 28 26 29 48 18 25 34 17 31 47 45 43 39 27 32 46 37 44 36
8 3 14 44 6 1 2 16 15 35 18 28 40 33 19 41 47 7 12 39 10 34 48 9 22 4 17 5 49 11 37 20 23 13 21 30 36 38 50 24 31 45 43 25 42 32 29 26 27 46
25 38 2 46 35 5 6 19 9 20 8 11 28 15 14 22 17 30 48 31 1 16 32 24 36 29 10 13 7 41 18 34 45 4 37 26 39 49 33 21 40 44 43 27 47 42 3 23 50 12
33 36 46 8 41 13 1 3 7 2 6 34 5 4 18 22 9 11 23 50 26 15 14 10 39 25 12 37 19 24 32 43 49 29 48 27 40 16 38 17 21 20 42 28 30 31 44 35 45 47
6 3 5 2 1 4
1 6 39 23 10 7 42 32 3 14 5 31 8 21 13 26 18 28 37 12 16 4 24 47 15 27 20 48 25 11 9 29 40 30 46 33 34 22 35 41 2 36 38 44 49 19 45 50 17 43
1 5 3 2 10 12 11 6 8 4 7 9
19 13 12 4 5 6 1 2 3 8 7 10 9 23 14 11 15 16 22 21 17 18 24 20
21 22 9 14 15 36 7 18 47 42 29 2 27 10 49 32 48 4 1 5 12 50 35 44 11 37 13 46 39 40 26 23 6 20 34 16 28 3 33 31 25 8 24 38 41 45 17 19 30 43
1 42 3 11 6 18 32 34 7 4 20 41 30 2 22 28 35 14 37 9 13 15 19 10 16 46 17 5 47 33 24 21 25 49 50 29 48 36 45 43 38 39 44 27 23 31 8 26 40 12
42 34 12 39 2 23 21 14 4 35 38 5 3 15 16 7 40 26 9 22 6 1 33 31 27 10 44 17 43 28 48 11 8 50 49 45 37 47 36 32 41 24 25 13 18 20 30 29 19 46
21 26 27 2 16 29 1 48 3 6 7 23 35 5 37 12 10 39 43 9 20 17 30 24 33 11 15 13 47 38 8 28 19 41 44 31 18 42 14 22 4 34 40 36 50 46 25 45 49 32
38 43 46 22 11 6 27 30 35 14 19 18 17 21 20 24 23 39 40 36 37 33 32 28 29 25 26 3 2 1 5 4 8 7 10 9 13 12 16 15 31 42 41 45 44 48 47 34
23 34 7 48 15 17 11 21 22 31 6 1 12 18 46 9 13 24 41 38 30 40 25 5 20 36 27 45 8 10 19 32 37 14 50 3 33 49 28 2 16 43 47 39 4 44 29 42 26 35
10 25 26 31 4 14 27 7 11 33 29 21 12 37 34 19 8 28 38 18 22 43 9 39 2 6 47 36 16 44 15 1 48 32 3 30 42 13 35 41 20 50 23 45 5 17 40 46 24 49
2 7 1 4 6 3 5 8
34 2 1 23 7 9 22 8 5 18 12 47 17 24 37 40 49 29 14 10 27 43 15 11 28 39 50 42 25 4 44 38 19 31 26 32 20 13 3 6 46 16 48 33 30 45 41 35 36 21
6 13 3 2 1 7 8 11 9 12 5 14 4 10
25 23 3 1 47 49 4 35 5 33 6 17 20 7 9 27 12 2 8 41 10 13 36 14 15 30 26 45 24 28 16 46 44 48 42 43 37 22 19 21 11 50 18 38 32 39 29 31 40 34
3 6 5 7 8 1 2 4
1 2 4 5 3 6 10 7 8 11 12 9 13 14 16 17 15 18 22 19 20 23 24 21 25 26 28 29 27 30 34 31 32 35 36 33 37 40 41 38 39 42 46 47 43 44 48 45
39 6 14 2 49 30 5 12 3 33 20 27 4 36 15 7 13 29 9 28 1 16 25 11 48 22 8 31 42 10 19 32 41 24 21 17 18 23 43 47 35 37 38 40 34 44 26 50 45 46
6 5 22 13 8 14 1 19 2 10 17 4 3 23 24 15 9 16 11 12 7 21 18 20 25 26
14 1 3 5 2 4 6 8 9 7 11 15 12 13 10 16
34 33 37 36 40 39 38 43 6 11 19 14 22 27 35 30 46 47 48 44 45 41 42 7 8 4 3 2 1 5 10 9 13 12 16 15 18 17 21 20 23 24 25 29 28 32 31 26
43 21 23 8 31 16 45 41 48 40 22 6 29 34 44 35 3 33 42 38 28 37 46 9 27 30 14 13 1 2 7 25 11 39 10 47 5 4 24 32 20 36 15 19 17 12 18 26
49 26 1 27 28 2 29 30 3 31 32 4 33 34 6 7 35 36 8 9 37 38 10 11 44 48 25 12 45 13 14 39 5 15 43 16 18 40 20 22 47 17 19 46 23 24 50 41 21 42
4 1 8 38 50 7 21 3 24 6 2 13 11 27 26 42 17 25 12 28 9 15 34 39 10 5 16 14 29 41 19 30 18 33 37 22 23 49 47 44 36 40 43 45 32 46 35 20 48 31
10 9 11 14 16 15 13 20 5 12 21 28 36 29 44 37 45 4 2 1 3 6 8 7 26 25 27 30 32 31 49 50 48 47 18 17 19 22 24 23 42 41 43 46 33 35 38 40 39 34
5 42 15 17 34 8 10 29 9 28 7 22 26 18 44 38 11 6 50 1 21 30 27 25 3 43 24 49 4 36 35 2 31 46 13 32 39 12 40 41 19 45 20 33 16 23 48 37 14 47
11 27 34 37 24 18 12 41 1 3 25 2 13 4 50 39 31 40 43 32 15 20 21 23 47 22 5 6 14 8 46 44 7 35 42 38 29 9 16 33 10 36 26 49 17 28 19 30 48 45
4 2 29 6 3 35 9 18 42 8 16 33 39 25 7 28 13 1 26 5 15 46 44 22 34 27 23 43 38 14 40 19 45 49 12 30 48 20 37 31 17 47 11 10 41 21 32 50 24 36
8 7 9 5 4 2 10 1 3 6
35 1 16 2 49 15 4 5 7 8 3 23 6 9 26 11 13 50 17 10 41 12 39 37 38 20 43 36 24 25 40 14 29 22 18 45 34 42 19 28 21 48 31 27 32 47 30 46 33 44
7 2 1 20 19 14 13 8 9 10 11 12 15 17 16 18 24 22 23 21 3 5 4 6
17 1 2 43 37 38 9 3 28 4 5 10 42 31 6 7 8 12 29 40 16 25 32 47 11 34 49 20 13 22 18 15 35 48 19 21 46 14 23 24 26 27 39 36 33 45 30 44 41 50
36 23 10 22 1 27 9 6 12 19 28 24 37 30 44 40 48 15 41 25 8 5 32 17 16 42 18 45 20 2 29 21 35 39 33 46 3 26 14 11 7 43 31 38 13 4 47 34
1 19 5 17 7 3 10 11 4 8 12 21 20 2 6 9 14 18 15 16 22 13
24 18 25 19 46 21 43 39 3 20 30 1 36 7 4 2 29 22 10 13 12 15 14 42 26 8 5 31 9 32 6 17 47 38 27 11 16 37 41 44 34 35 40 28 49 48 45 33 50 23
3 2 1 6 5 4 19 14 15 7 8 9 10 13 20 21 22 23 30 24 29 17 16 28 27 25 26 18 11 12
36 3 20 5 1 2 8 7 31 28 49 17 22 6 25 50 37 9 10 21 16 39 41 46 34 35 27 4 12 45 26 15 29 40 18 11 38 14 13 48 23 32 30 19 44 42 43 33 24 47
19 26 21 27 25 30 20 23 31 28 18 24 1 12 2 8 14 4 7 15 5 11 9 10 3 16 6 13 50 17 22 29 32 34 40 46 36 39 33 44 45 37 43 41 42 35 48 38 47 49
30 36 1 17 26 19 11 7 45 50 8 18 9 13 20 10 2 32 43 3 40 6 15 37 35 21 44 4 38 28 27 34 14 24 42 29 12 16 47 5 23 22 33 25 39 48 31 41 49 46
20 10 18 39 3 46 8 12 22 33 2 11 1 4 42 37 23 25 30 19 21 14 31 36 38 45 24 6 28 29 5 7 32 9 41 13 49 35 34 15 50 43 16 26 17 27 47 40 44 48
24 23 22 11 12 7 6 5 4 3 2 1 40 13 14 8 9 10 29 25 26 27 28 19 18 17 16 15 20 21 39 38 37 36 35 33 34 32 30 31
20 34 23 7 31 13 45 43 35 36 12 16 3 19 26 42 32 29 2 11 33 44 1 22 40 46 25 17 47 9 10 38 4 49 27 28 15 8 14 39 6 18 30 48 41 37 24 5 50 21
46 2 27 21 43 13 5 23 1 3 30 22 50 15 8 24 4 7 19 11 17 37 48 10 16 33 20 6 49 28 9 35 12 14 25 47 18 26 41 34 40 39 38 36 42 45 44 31 32 29
33 1 2 4 5 7 8 10 3 9 6 12 11 13 14 16 17 19 18 20 21 23 22 24 25 27 26 28 15 29 30 32 31 35 34 36 37 39 38 40 41 42 46 47 48 44 43 45 50 49
23 22 6 11 14 19 18 17 21 20 24 1 5 4 8 7 12 16 15 10 9 13 2 3
20 30 48 42 50 5 4 6 3 23 47 16 9 46 33 41 15 7 1 24 14 40 2 35 8 22 36 31 13 10 11 39 28 12 49 25 43 17 34 45 44 21 37 38 32 26 19 27 18 29
49 2 5 6 15 26 19 25 39 27 17 44 24 13 50 36 1 12 35 33 4 29 18 14 30 48 37 7 23 28 11 47 22 20 9 16 34 43 10 8 31 40 38 3 41 42 45 32 46 21
3 1 2 4 9 5 10 6 7 8
36 27 1 2 26 46 13 21 37 32 3 4 28 24 5 29 33 9 16 49 31 14 6 41 47 7 15 30 38 8 10 34 39 17 18 45 42 11 19 44 35 25 12 40 22 20 48 50 23 43
8 4 2 1 5 45 41 42 43 38 46 6 11 19 27 14 22 30 35 34 33 37 36 40 39 18 17 21 20 24 23 3 7 10 9 13 12 47 48 44 15 16 26 25 29 28 32 31
15 16 17 1 2 3 35 34 4 5 6 7 9 8 40 39 10 11 43 44 12 13 14 37 38 30 29 23 22 21 20 19 42 41 26 25 24 36 45 18 48 47 28 33 32 31 46 27
6 2 3 8 5 1 4 7
5 8 4 6 34 45 11 23 36 3 49 30 32 35 16 40 50 13 12 2 14 17 18 7 15 1 33 26 27 31 43 9 29 47 46 20 25 42 38 22 10 37 21 24 28 19 39 41 48 44
23 21 20 19 17 16 15 13 12 11 9 8 7 5 4 3 1 24 25 2 48 47 45 44 43 41 40 39 37 36 35 33 32 31 29 28 27 26 10 30 6 46 18 22 34 38 14 42
8 24 38 19 26 7 42 1 4 13 23 49 16 21 33 20 30 45 17 2 18 50 41 5 15 43 44 28 27 10 9 11 22 3 39 40 31 37 34 12 32 6 47 29 14 48 35 25 36 46
1 6 2 5 3 4
42 1 12 4 8 9 26 3 28 20 15 2 5 7 29 30 14 31 6 11 41 32 10 36 33 45 18 19 22 16 38 44 24 46 17 13 35 40 27 23 39 43 37 25 21 34
23 22 27 11 14 19 30 35 38 43 46 45 44 10 9 8 7 6 5 4 3 2 1 12 13 39 40 41 42 15 16 17 18 21 20 31 32 28 29 36 37 48 47 33 34 26 25 24
4 21 42 11 46 3 14 31 1 10 45 2 5 28 38 7 9 29 36 8 35 20 13 32 23 25 26 37 22 27 43 24 34 39 12 49 48 16 44 30 18 40 17 19 33 15 41 47 6 50
31 2 5 34 39 1 3 6 7 8 4 10 14 9 19 13 50 41 15 11 33 45 47 16 22 17 29 25 18 30 38 36 21 24 23 20 42 26 28 32 35 27 12 43 40 44 49 46 48 37
22 5 4 14 44 41 2 49 8 15 3 1 13 6 30 7 9 23 10 16 47 11 12 33 18 34 20 43 19 39 25 38 37 42 46 48 50 35 17 27 32 28 31 21 40 26 24 36 29 45
4 2 3 1
24 25 23 22 20 1 7 16 3 6 11 13 14 2 5 4 9 8 15 10 19 21 12 26 17 18
23 2 18 8 37 3 46 36 28 7 9 6 34 1 25 49 38 14 20 12 42 4 5 31 35 22 11 16 10 19 32 39 13 30 27 21 17 29 15 26 40 24 41 44 45 43 50 48 47 33
5 1 8 11 15 24 47 23 25 18 20 4 26 22 49 48 12 7 30 32 2 17 9 21 13 43 28 19 10 14 6 34 31 36 37 35 41 33 3 46 29 42 45 16 38 44 39 27 50 40
14 37 1 22 50 16 20 26 35 2 28 42 13 6 43 31 15 10 27 4 5 29 40 23 8 30 12 33 18 34 11 46 7 36 24 38 47 9 44 32 3 39 21 19 45 17 41 48 25 49
26 1 24 6 4 2 38 3 30 5 8 7 27 17 34 10 40 35 13 9 45 41 16 39 18 47 48 19 11 12 14 15 21 42 36 37 33 20 29 22 43 23 31 28 32 44 49 50 46 25
29 18 7 37 4 38 47 17 21 45 35 50 26 41 3 48 9 16 34 6 13 10 2 1 27 30 31 12 8 46 5 11 15 43 19 49 24 14 42 22 25 23 20 44 36 28 40 39 32 33
36 1 21 26 2 14 45 10 25 32 7 23 43 47 22 44 4 27 20 28 9 33 38 3 5 49 31 6 15 46 48 8 11 30 29 13 37 50 16 34 41 12 19 40 17 18 39 42 24 35
23 22 11 19 6 14 27 35 30 38 43 42 41 45 44 48 1 5 4 8 7 26 25 29 28 32 31 2 3 46 47 34 33 37 36 40 39 10 9 13 12 16 15 17 21 18 20 24
17 4 1 7 24 26 9 5 2 15 6 3 16 8 11 19 10 13 14 20 12 21 22 18 23 25
46 45 42 41 37 38 34 33 21 22 19 17 23 24 9 10 15 13 1 2 5 6 3 4 7 8 11 12 14 16 18 20 29 30 25 26 31 27 28 32 35 36 39 43 40 47 44 48
17 16 14 3 5 6 1 7 8 2 9 18 11 10 4 12 15 13
20 29 7 15 46 3 48 2 19 28 37 31 14 49 22 11 45 1 8 12 42 5 9 32 30 35 16 23 24 4 34 27 6 36 38 50 10 39 13 21 43 25 40 18 26 41 33 44 47 17
11 3 2 1 5 6 4 8 7 39 15 16 12 13 42 18 37 17 45 24 25 9 31 14 19 20 21 10 23 26 33 27 38 36 40 34 35 22 43 28 46 49 48 50 32 41 29 30 47 44
46 2 1 47 48 24 23 25 26 22 21 27 28 20 19 29 30 3 4 44 43 5 6 42 41 7 8 40 39 9 10 38 37 11 12 36 35 13 14 31 32 16 34 33 15 17 45 18
49 1 31 15 5 4 38 27 20 47 14 26 21 23 42 29 2 16 35 3 28 36 7 10 11 8 9 45 6 17 18 12 25 22 48 30 43 33 44 37 39 13 32 40 19 24 46 34 41 50
36 46 31 5 48 1 6 7 21 2 12 8 37 3 10 15 4 9 18 17 14 11 22 23 13 16 24 25 26 19 49 30 20 28 39 38 29 32 42 35 33 47 41 50 43 44 27 34 40 45
5 1 6 2 4 3
20 36 5 2 1 43 28 4 33 32 13 6 47 39 8 50 9 22 26 27 12 44 29 46 14 35 24 16 38 30 11 3 7 23 49 48 18 15 10 42 31 40 37 45 17 41 19 25 21 34
2 1 7 3 6 4 5 8
24 23 22 21 20 19 2 1 46 45 44 43 42 41 40 39 3 4 5 6 7 8 9 11 10 12 13 14 15 16 17 18 27 28 29 30 31 32 33 35 34 36 37 38 48 49 25 26 50 47
13 7 30 2 17 21 8 15 11 20 5 4 6 9 10 22 29 26 16 19 3 12 1 18 36 23 24 25 14 31 28 34 35 33 32 27
18 1 7 38 45 8 32 25 4 14 20 3 29 36 2 16 9 42 22 17 10 23 47 39 43 6 35 24 33 15 40 13 11 12 5 46 34 44 41 48 37 19 31 27 28 21 30 26
19 38 15 24 23 33 6 41 1 7 40 49 5 8 37 14 3 2 44 28 13 9 11 42 20 34 16 12 36 18 4 17 30 26 10 35 39 21 27 31 22 50 43 46 29 48 47 32 25 45
16 17 6 7 14 13 1 2 18 4 3 10 9 8 11 12 5 15
26 1 3 4 9 2 6 5 10 7 13 8 12 15 11 14 16 17 22 21 19 29 20 23 24 33 18 25 27 28 30 31 34 35 37 36 40 32 41 42 38 44 39 45 46 47 43 48 49 50
24 31 1 4 7 9 2 37 12 21 25 5 36 15 3 20 8 29 18 42 46 27 38 13 17 32 28 14 41 35 40 33 50 45 6 10 26 30 11 44 34 16 19 43 22 23 49 47 48 39
8 3 39 4 22 42 49 1 28 45 24 6 40 34 20 26 21 11 38 12 29 36 5 30 15 37 17 23 43 14 44 32 13 50 7 2 47 41 9 31 48 10 33 35 19 27 16 18 46 25
45 6 46 37 14 3 12 11 21 5 9 17 7 19 10 44 24 36 42 35 29 40 1 33 4 28 20 18 39 38 2 31 34 43 41 16 32 8 15 27 22 23 30 13 25 26
38 10 11 37 2 23 33 7 1 36 4 22 13 30 8 17 12 18 46 44 14 6 20 28 15 42 35 5 34 32 9 19 21 29 45 16 39 3 41 31 27 24 25 40 43 26
30 11 32 34 18 5 4 15 24 22 16 13 21 40 43 47 41 6 33 3 2 37 36 1 35 45 28 25 9 7 26 27 10 23 14 44 20 12 8 19 31 17 29 48 39 42 49 38 46 50
46 31 27 16 20 18 10 5 24 39 11 14 26 32 8 4 2 12 3 33 41 9 19 6 7 1 13 40 21 17 15 25 34 30 28 36 38 42 44 49 48 45 37 47 29 50 22 23 43 35
16 3 8 11 19 9 26 24 7 1 4 17 5 2 15 6 23 22 21 12 13 14 20 18 10 25
21 9 1 16 12 3 27 8 5 2 15 13 26 6 4 30 19 7 22 17 28 20 29 18 11 14 24 25 23 10
2 3 1 12 10 11 21 20 19 29 30 28 39 37 38 5 6 4 15 13 14 24 23 33 22 32 31 41 42 40 43 44 34 35 36 25 27 16 17 7 18 8 9 26
50 8 36 32 2 22 26 1 34 29 3 5 40 43 4 15 9 21 45 6 41 28 12 7 13 49 10 25 17 14 24 11 30 31 18 46 16 19 20 37 39 38 23 48 27 44 47 33 35 42
13 33 3 44 29 5 42 4 2 15 10 14 7 36 6 11 12 23 39 18 19 16 43 25 21 20 27 47 1 8 48 34 28 46 30 40 22 9 35 31 41 37 24 17 26 38 50 49 45 32
13 19 1 15 25 6 4 2 10 3 22 5 12 49 29 7 20 8 44 41 11 23 24 16 50 45 27 9 17 39 14 28 33 30 42 18 26 31 38 36 37 46 21 35 32 34 47 43 48 40
48 49 47 13 10 12 42 45 44 36 21 1 19 43 3 38 14 23 6 5 40 35 50 28 15 18 7 29 26 4 2 8 34 24 9 16 30 11 27 20 22 39 31 41 33 46 25 17 37 32
33 3 49 48 45 2 1 6 39 12 5 23 4 10 11 7 8 9 13 14 15 18 19 20 21 17 16 30 26 25 24 22 29 28 27 42 41 40 34 35 36 32 31 43 44 37 38 46 47 50
15 2 8 24 10 18 7 23 1 44 5 50 27 3 43 21 6 31 11 14 20 32 36 30 4 16 47 12 9 34 13 38 19 49 22 28 33 35 17 45 39 25 40 29 26 46 41 37 42 48
22 6 39 17 2 5 13 23 7 1 16 34 18 28 19 43 3 20 32 36 14 46 31 25 26 29 24 21 35 4 44 30 9 15 33 40 10 41 11 8 38 48 45 42 37 27 47 12
4 3 2 1 8 10 11 12 13 9 5 17 21 25 29 33 41 45 37 36 35 34 38 39 40 6 7 43 42 46 47 48 28 27 26 30 31 20 19 18 22 23 14 15 16 24 32 44
17 4 29 32 16 31 2 26 1 23 20 12 11 7 9 13 10 24 30 19 21 5 8 22 14 6 27 3 28 18 15 25
50 48 24 2 26 27 8 1 28 29 3 4 30 31 25 20 32 33 23 19 34 35 22 5 36 37 12 6 40 38 21 7 42 43 18 15 44 45 10 11 39 13 14 41 9 16 46 49 17 47
10 1 3 5 4 7 2 8 9 6 11 16 13 12 14 15
15 9 14 1 2 10 22 17 21 19 16 11 7 3 20 5 4 13 18 8 24 12 25 6 26 23
