38 35 31 32 33 50 41 44 48 43 47 46 49 45 42 10 1 6 3 8 2 5 9 4 7 30 12 11 14 16 13 15 20 17 19 18 21 29 26 23 27 24 22 25 28 39 40 34 37 36
21 13 46 4 45 26 5 11 25 20 6 47 10 19 29 30 15 1 9 48 2 18 12 42 40 7 44 31 17 22 38 27 24 28 49 33 14 39 16 50 37 32 34 35 36 43 3 8 41 23
20 4 19 1 18 8 9 5 22 29 3 48 6 2 40 7 17 31 46 33 13 10 42 11 14 15 35 25 27 44 39 34 43 12 23 21 26 24 50 28 36 30 38 47 45 32 16 41 37 49
50 5 47 35 20 33 17 9 2 7 21 10 15 22 11 1 4 16 31 23 6 37 3 27 34 12 29 8 41 13 46 36 43 14 18 32 25 19 42 38 39 28 40 24 26 30 45 48 44 49
3 1 5 4 2 6]
7 3 6 16 26 15 4 14 24 1 9 8 5 10 29 21 11 2 20 13 17 19 23 12 27 18 25 22 28 30
5 1 2 7 3 6 8 9 10 4]
10 39 5 44 33 28 1 2 9 23 8 11 22 26 13 7 32 12 37 6 31 14 18 19 42 25 47 24 16 41 27 38 34 29 43 50 40 15 20 49 4 21 30 17 48 36 35 45 46 3]
26 27 28 17 18 19 20 2 3 1 6 4 5 12 13 11 10 14 15 16 9 8 21 22 23 24 25 7]
7 4 47 48 1 12 14 20 38 3 30 42 16 21 43 8 9 6 18 13 11 17 22 23 32 2 10 27 40 50 37 39 5 44 26 15 45 19 36 28 24 31 46 35 34 49 29 25 41 33
19 18 17 32 40 48 16 1 9 24 33 41 25 26 27 28 29 30 2 3 4 5 6 8 7 15 14 13 12 11 36 35 34 23 22 21 37 38 39 10 47 46 45 44 43 31 42 20
39 9 50 25 23 15 1 47 4 27 7 5 12 8 6 21 2 34 14 10 28 13 16 29 31 48 44 45 11 32 30 40 41 3 17 35 36 18 38 24 20 33 42 26 22 19 49 43 46 37
21 24 50 26 2 1 27 28 3 4 29 30 6 5 31 32 7 8 33 34 10 9 35 36 11 12 37 38 14 13 39 40 15 16 41 42 18 17 43 44 19 45 46 22 47 48 23 20 49 25
49 50 7 15 1 2 12 25 39 3 4 5 9 8 6 11 14 16 30 13 26 22 31 18 20 33 35 41 24 38 27 19 28 36 17 10 37 46 48 43 32 23 40 34 45 44 47 42 29 21
42 41 40 39 38 43 46 11 14 19 22 27 30 35 34 33 32 31 1 2 3 4 5 6 7 8 9 10 13 12 15 16 17 18 20 21 29 28 23 24 25 26 37 47 48 36 45 44
18 6 11 15 7 10 5 12 17 14 13 19 3 8 2 1 16 4 9 20
22 21 20 19 18 17 16 15 14 13 12 11 10 9 8 7 6 5 4 3 2 1 25 26 27 28 29 30 31 32 33 34 35 36 37 38 39 40 41 42 43 44 45 46 47 23 24 48 49 50
36 37 1 4 7 29 13 24 32 46 10 23 16 15 30 35 6 41 9 44 49 12 14 43 5 20 25 3 50 22 17 18 2 27 47 11 8 40 34 19 26 39 21 28 31 42 48 33 45 38
19 3 14 1 2 18 5 4 20 41 11 43 10 50 24 47 15 45 33 39 17 46 12 21 22 49 28 7 6 27 8 16 37 31 36 34 13 25 29 32 9 38 44 23 48 26 30 42 35 40
17 3 8 28 1 41 4 43 42 5 31 26 24 10 12 7 23 9 16 21 30 37 14 6 20 15 11 19 44 40 49 32 38 2 18 50 25 48 33 45 36 39 13 22 34 47 27 29 46 35
7 1 2 3 4 5 6 10 9 8]
29 23 16 34 4 5 6 8 11 12 9 10 3 7 37 19 25 1 31 33 15 45 30 24 42 43 13 20 26 2 32 14 44 46 41 27 21 39 17 35 22 28 40 47 36 38 18 48
2 31 1 13 11 41 5 6 3 44 32 17 39 29 19 7 12 28 36 20 43 21 8 14 37 23 34 18 16 45 50 35 10 4 40 38 9 24 49 22 30 48 33 26 47 15 25 27 42 46
8 7 1 2 5 6 3 4 13 10 9 15 14 11 12 16 17 18 21 22 19 20 24 23 25 26 29 30 27 28 32 31 33 34 37 35 38 39 36 40 45 42 46 47 41 43 48 44
22 5 26 2 48 8 4 21 27 20 47 39 14 32 11 30 42 12 34 45 31 10 13 24 35 33 9 37 6 43 19 1 46 29 17 3 49 7 18 15 25 36 16 28 44 23 40 50 38 41
21 5 1 14 20 6 9 3 26 23 10 2 11 7 24 16 8 13 4 19 12 17 22 15 18 25
2 10 14 6 4 9 16 3 8 11 12 1 5 7 15 13
4 5 9 8 1 2 7 3 15 16 17 18 20 19 11 12 10 13 14 6]
12 6 26 50 14 18 30 23 40 16 28 32 4 2 44 29 15 38 13 36 39 3 22 27 41 5 25 43 31 10 17 34 35 24 37 11 1 48 47 20 49 19 21 33 9 8 45 42 7 46
24 7 13 10 41 5 21 44 1 40 6 34 15 47 18 28 33 19 30 2 11 16 3 8 45 22 9 39 46 17 25 32 36 37 20 35 4 26 42 23 31 12 50 43 29 14 38 49 27 48
42 41 47 46 17 11 13 10 9 22 43 44 48 1 8 2 5 4 3 7 6 16 18 12 15 14 19 20 23 27 21 24 25 26 28 29 30 33 37 31 32 35 34 39 38 36 40 49 45 50
18 23 43 41 6 9 11 30 22 34 24 29 38 48 25 14 37 36 28 32 12 50 39 49 42 4 8 16 21 45 7 10 2 5 1 13 31 17 15 40 20 35 3 19 33 46 44 26 47 27
6 10 5 7 4 1 9 8 2 3]
21 19 23 1 2 6 28 9 10 4 8 3 41 12 24 11 13 14 7 33 17 37 32 34 18 20 47 40 42 38 25 22 26 15 16 48 45 46 31 35 5 44 29 30 50 49 36 43 39 27
3 1 4 5 2 6]
12 11 5 14 3 2 9 7 6 10 4 1 16 15 8 13
50 1 2 3 4 5 6 7 8 9 10 11 12 13 14 15 16 17 18 19 20 21 22 23 24 25 26 27 28 29 30 31 32 33 34 35 36 37 38 39 40 41 43 42 45 47 46 44 49 48
35 34 37 4 40 9 21 5 18 1 48 7 38 8 6 33 50 13 14 44 23 11 47 39 42 16 25 2 31 10 20 3 24 15 26 43 46 22 27 32 17 30 19 36 12 41 28 49 29 45
22 1 26 2 3 27 5 6 28 4 9 30 7 8 29 10 31 11 12 32 13 33 14 34 41 16 35 37 15 36 43 20 42 39 18 38 40 17 44 45 21 46 19 50 23 24 48 49 25 47
7 22 15 1 4 2 6 9 12 3 21 5 20 8 10 14 11 13 16 18 17 19
31 7 4 11 29 30 36 8 3 46 1 19 23 12 22 5 2 25 40 21 17 44 26 50 27 39 6 20 24 14 13 37 15 28 9 41 16 18 32 10 45 35 49 43 48 34 42 47 33 38
26 21 22 27 23 24 28 25 29 30 1 2 39 31 10 3 44 41 4 5 32 33 17 11 34 35 9 6 46 42 7 8 36 37 16 12 38 40 13 43 45 14 15 47 19 18 48 49 20 50
30 4 3 2 1 8 7 6 5 9 20 24 12 27 32 36 19 25 17 15 45 10 39 14 16 18 13 21 23 11 26 35 42 48 37 28 43 44 29 31 47 41 38 40 22 34 46 33
11 1 9 36 26 46 13 4 10 7 3 20 29 15 2 16 17 19 21 30 14 40 48 49 28 33 35 39 25 34 43 23 37 12 22 18 44 45 42 38 8 6 24 31 5 32 47 50 41 27
31 39 16 14 26 1 4 38 13 20 27 12 37 18 19 47 49 23 15 28 3 2 29 6 32 10 33 5 30 8 34 9 35 46 21 41 48 7 40 43 17 42 11 36 22 24 44 45 25 50
3 1 26 2 4 27 5 6 28 7 8 29 9 10 30 11 12 31 13 14 32 33 15 34 35 16 36 37 17 38 39 18 40 41 19 42 43 20 44 45 21 46 22 23 47 24 48 49 25 50
3 1 2 4]
38 13 44 17 16 30 15 45 2 47 42 1 3 32 36 9 11 48 4 24 27 22 6 26 7 18 28 5 10 50 40 8 31 34 12 43 46 20 29 33 14 39 19 21 35 25 41 37 23 49
7 1 35 48 8 2 15 21 23 3 13 6 49 5 50 10 45 17 4 16 37 12 47 29 14 27 46 9 20 32 42 25 22 24 43 26 18 30 11 28 44 19 38 40 41 33 34 31 39 36
1 4 12 11 7 33 47 5 13 40 2 24 44 46 22 8 27 26 36 21 37 31 20 30 23 16 3 48 43 14 17 45 10 28 41 49 42 18 6 38 19 9 29 15 25 32 34 39 50 35
44 43 42 41 1 2 4 3 5 6 7 8 10 9 11 12 13 14 16 15 17 18 19 20 22 21 23 24 25 26 28 27 48 47 31 30 29 32 33 34 35 37 36 40 39 38 46 45
1 2 5 8 25 27 23 24 20 18 32 29 4 3 15 13 11 12 22 21 26 7 6 17 19 14 9 10 31 30 28 16
40 13 42 1 10 39 22 15 18 45 29 38 5 8 17 3 9 30 20 26 11 27 28 12 50 4 43 47 34 14 31 49 16 2 25 44 6 33 32 21 7 37 24 23 48 19 46 41 36 35
38 22 6 30 3 45 1 43 11 9 44 5 16 20 50 47 4 10 27 26 31 25 12 19 42 2 8 7 48 39 37 23 21 41 24 17 13 15 34 18 36 14 35 29 32 28 40 46 49 33
16 25 12 2 1 37 28 23 5 8 31 40 33 21 7 22 11 3 4 17 10 6 34 36 35 9 19 39 29 38 18 14 32 13 30 15 26 20 27 24
48 34 1 43 41 5 6 8 14 31 7 17 4 3 10 16 44 18 13 2 9 25 37 47 11 24 19 23 45 33 21 20 46 26 29 49 15 22 30 32 50 36 12 38 39 27 28 42 40 35
39 40 41 37 36 32 33 29 28 24 25 21 20 16 17 13 12 8 9 5 4 3 2 1 7 6 11 19 14 22 27 35 30 38 43 42 50 49 47 46 45 44 48 34 31 23 10 18 15 26
1 27 45 10 30 9 12 13 7 28 44 29 48 46 2 50 3 23 17 8 11 22 41 16 14 35 4 5 18 31 24 26 6 19 20 33 40 37 34 36 25 49 15 21 47 38 32 39 43 42
46 36 42 2 20 3 9 43 1 4 45 49 10 29 13 12 25 11 15 19 7 16 5 17 14 23 37 32 21 40 30 24 8 18 26 27 28 39 48 35 50 31 47 38 33 34 44 41 6 22
45 1 2 3 30 12 9 4 8 7 6 20 11 24 15 33 18 23 5 21 22 49 48 27 26 25 10 14 13 34 31 32 19 17 16 37 38 39 35 36 40 41 42 44 43 29 28 50 47 46
33 4 27 1 40 28 9 2 47 49 10 38 12 32 24 3 20 50 44 22 11 39 23 21 34 5 25 14 35 16 19 7 29 26 36 42 17 8 13 46 43 15 6 31 30 18 45 48 41 37
38 1 2 3 4 5 6 7 8 9 10 11 12 13 14 15 16 17 18 19 20 21 22 23 24 25 26 27 28 29 30 31 32 33 34 35 36 37 39 40 41 42 43 44 45 47 46 48 49 50
12 41 3 48 46 33 18 19 42 44 36 23 6 1 4 29 26 7 10 9 43 5 11 47 28 15 32 50 39 34 13 14 16 49 45 37 35 2 25 30 8 38 17 20 40 21 31 27 24 22
43 6 7 3 13 1 4 28 11 5 48 32 8 47 15 10 9 2 14 50 34 44 20 12 17 18 42 39 16 19 36 40 23 22 21 41 38 31 33 26 29 46 24 49 25 27 30 37 35 45
38 40 1 9 3 27 2 19 20 4 45 16 5 35 8 12 7 17 29 21 11 34 30 24 6 36 10 37 33 41 18 31 13 28 26 47 25 15 42 39 14 43 46 50 23 48 44 22 49 32
11 12 41 33 47 49 37 48 40 21 13 18 1 3 25 31 29 2 5 22 7 39 20 19 10 17 4 15 44 8 32 38 9 34 24 16 26 23 50 36 45 28 46 35 43 6 30 42 27 14
18 19 20 21 1 2 12 13 3 4 5 6 7 8 9 10 11 38 39 17 16 15 22 23 24 25 26 27 28 29 30 31 32 33 34 14 45 44 43 42 41 37 36 35 49 46 47 48 40 50
4 1 3 24 2 5 23 6 7 9 10 8 12 13 11 14 15 16 17 19 18 21 20 22
5 4 2 6 7 3 1 8]
24 3 38 8 7 29 4 10 27 50 12 19 40 42 6 5 32 18 13 26 25 43 28 9 14 41 30 1 48 22 33 16 44 47 23 37 45 17 31 35 11 34 2 49 15 20 39 36 21 46
18 17 21 20 24 23 22 6 11 19 14 27 35 30 38 43 42 41 45 44 48 47 46 3 2 1 5 4 8 7 15 16 12 13 9 10 31 32 28 29 25 26 33 37 36 40 39 34
42 39 36 33 26 19 16 13 11 8 4 1 2 5 3 6 7 9 10 12 14 15 17 18 20 21 22 23 24 25 27 28 29 30 31 32 34 37 35 38 40 41 43 44 46 45 47 48 50 49
30 1 43 49 2 5 21 3 34 25 18 17 32 8 4 11 39 6 15 9 12 14 31 10 38 29 16 48 22 7 19 13 20 41 42 40 26 24 27 47 50 44 23 45 28 46 33 37 36 35
17 22 39 42 31 24 33 7 2 5 23 26 38 35 13 48 8 21 11 28 32 6 47 3 27 37 4 16 9 18 10 15 19 20 29 14 50 1 12 49 46 25 34 30 41 44 36 40 43 45
3 1 7 4 13 2 28 24 37 20 39 38 31 11 25 27 6 46 5 32 47 16 10 9 29 17 19 42 45 43 44 21 22 12 36 35 23 15 48 33 8 18 40 26 30 14 34 41
33 1 14 39 2 16 42 5 4 7 10 37 27 11 35 8 12 40 20 45 15 29 24 6 28 3 19 13 31 46 38 18 36 17 21 23 50 34 9 26 30 32 25 22 44 47 48 41 49 43
11 1 19 15 9 7 10 42 44 22 25 37 4 2 5 6 18 8 13 35 3 29 28 21 14 20 16 32 33 27 50 12 49 34 47 41 30 17 40 48 31 36 39 26 23 24 46 43 38 45
13 16 21 37 30 24 26 29 14 17 18 5 25 19 8 48 35 9 11 15 28 49 32 22 2 4 6 20 34 33 45 46 38 43 7 36 41 3 12 44 23 47 31 1 10 27 39 40 50 42
22 15 8 1 2 3 4 5 6 7 11 16 14 19 17 10 12 9 13 20 18 21 23 30 27 25 28 26 29 24
6 4 7 1 13 37 15 27 30 42 5 41 45 9 11 12 16 14 2 8 24 19 18 22 3 40 21 34 39 33 35 26 50 32 31 25 48 20 44 29 23 17 46 43 10 38 47 36 49 28
26 10 14 17 31 32 43 21 7 18 23 35 33 16 28 37 8 27 6 13 2 4 5 3 15 42 1 25 41 11 34 19 47 29 22 38 9 44 45 39 46 12 20 30 49 40 36 48 24 50
2 1 3 4]
17 16 1 2 11 10 9 7 6 4 3 14 5 8 12 13 15 18 19 20 35 34 21 22 24 25 27 28 29 26 23 30 31 32 41 40 39 37 36 38 42 43 48 46 45 44 47 33
6 3 15 16 1 7 12 11 8 13 14 2 4 18 9 5 17 19 10 20
8 1 15 16 2 3 17 18 4 5 19 20 6 7 21 22 9 23 24 10 25 26 11 27 12 13 28 14
8 38 37 7 42 11 5 49 9 34 4 43 13 16 23 46 14 36 2 47 12 44 18 29 28 48 17 15 33 10 20 32 19 25 3 41 30 27 22 26 1 35 45 21 24 6 50 40 31 39
19 39 21 12 14 31 45 3 9 2 50 11 1 23 41 13 36 7 24 29 33 6 25 28 5 15 35 10 30 18 37 8 38 49 4 43 16 27 22 34 48 44 26 17 20 42 46 32 47 40
10 5 7 6 4 1 8 9 2 3]
12 1 11 2 46 4 7 8 24 36 44 10 5 43 25 39 45 14 31 33 41 49 37 9 13 27 6 3 22 16 19 50 15 34 48 20 29 18 28 17 47 42 38 40 26 23 35 30 32 21
39 29 7 2 10 1 9 3 50 13 38 11 30 12 28 5 8 6 20 16 21 25 15 43 4 18 35 44 23 45 40 31 14 17 32 27 46 47 37 33 24 34 26 41 49 22 19 36 48 42
24 19 15 18 23 20 1 2 9 12 13 14 22 21 25 26 35 32 3 6 7 8 4 5 48 45 16 17 10 11 27 28 47 43 42 41 46 29 30 31 33 37 36 34 38 40 44 39
44 32 6 25 42 37 9 33 8 2 4 39 10 11 45 49 31 23 17 15 41 19 29 27 7 40 20 43 3 5 34 21 26 30 24 1 13 50 22 12 18 48 14 38 28 47 35 36 16 46
5 1 2 3 4 6]
44 43 3 4 5 1 2 49 48 36 37 38 39 40 6 7 8 9 10 11 12 13 14 15 16 17 18 19 20 21 22 23 24 25 26 42 41 27 28 31 30 34 46 29 50 45 32 33 47 35
10 40 5 17 22 18 8 31 1 2 9 3 20 29 21 4 7 12 15 37 11 36 45 42 34 16 32 27 23 43 30 6 19 14 25 38 13 26 24 28 46 44 33 41 35 39
