4 3 8 2 7 6 1 5]
7 2 1 5 10 9 6 4 3 8]
48 4 35 37 3 25 10 23 39 12 42 27 8 2 9 21 1 13 44 7 5 14 11 6 38 31 40 32 17 36 18 19 43 22 29 41 15 47 26 33 16 20 28 46 34 30 45 24
28 5 16 7 6 38 4 12 23 1 2 37 3 24 49 8 15 35 32 44 11 39 13 43 26 9 40 29 47 30 10 14 50 17 19 31 48 45 18 20 21 33 34 27 42 41 22 25 46 36
49 48 44 46 36 38 39 26 19 7 1 2 5 3 4 6 8 10 9 11 13 14 12 15 16 17 18 20 21 22 23 24 25 27 29 28 30 31 32 33 35 34 37 40 42 41 45 47 43 50
31 18 3 22 32 1 47 8 2 14 37 23 10 27 5 34 4 39 30 15 6 26 11 13 7 12 20 9 42 40 48 45 46 24 16 21 29 17 35 19 28 25 50 41 43 44 33 36 49 38
30 1 7 8 37 29 4 2 39 10 9 34 36 21 11 42 44 27 35 12 22 17 3 48 14 41 5 38 28 45 25 18 15 20 24 31 6 23 49 16 26 43 13 46 47 19 40 50 33 32
50 17 29 13 7 42 6 48 32 4 9 31 1 3 34 2 33 46 45 22 14 11 12 28 39 35 30 5 21 8 38 10 15 20 19 41 18 23 16 36 26 43 24 44 37 49 40 25 27 47
19 13 1 9 20 18 2 3 22 17 8 4 12 5 10 14 6 11 21 15 7 16
1 8 2 3 7 4 6 9 5 10 30 11 12 17 13 14 18 15 16 20 19 23 28 22 25 27 24 26 29 31 40 32 33 35 34 37 38 39 36 21 47 42 41 45 44 49 46 50 43 48
5 4 2 3 6 1]
10 9 12 13 16 15 14 19 6 11 22 23 24 21 20 17 18 1 4 2 3 5 8 7]
38 12 1 4 41 5 7 3 2 6 17 8 47 43 25 26 31 19 20 9 10 28 13 35 11 24 16 14 18 22 21 27 33 15 29 23 30 50 49 44 45 40 36 34 37 48 39 42 46 32
7 2 5 1 24 23 21 25 26 30 27 28 34 29 31 38 32 33 46 50 48 36 42 49 37 6 10 13 17 3 4 9 8 12 39 40 19 20 47 11 14 35 41 15 43 44 22 16 45 18
20 28 12 13 2 48 19 26 42 9 11 16 1 5 3 30 6 27 14 22 40 37 34 4 49 33 8 17 7 44 35 25 15 47 45 50 36 18 29 46 31 43 21 38 24 32 10 23 41 39
17 5 1 25 12 45 9 11 40 2 7 18 43 4 3 6 13 14 23 20 16 15 32 19 10 39 8 47 30 31 27 22 36 28 21 29 33 48 24 34 35 26 37 38 49 46 44 50 42 41
15 14 18 1 8 5 4 3 6 7 13 16 2 19 20 11 17 9 10 12
22 17 43 37 6 11 18 14 19 27 31 32 35 44 23 40 38 41 13 34 15 21 48 28 29 5 25 10 30 36 16 12 4 9 20 26 42 3 45 2 1 24 33 46 39 8 7 47
2 1 39 25 4 17 27 7 6 41 5 31 9 10 43 18 49 13 46 20 30 47 34 48 12 33 3 14 15 22 19 8 35 28 16 23 36 40 24 44 38 21 26 37 29 45 42 50 11 32
14 5 48 3 6 8 9 26 32 37 10 30 16 18 36 2 44 23 1 11 28 4 19 50 7 24 35 21 47 12 17 15 34 25 45 22 20 33 38 27 13 41 29 39 49 31 46 40 43 42
38 44 4 19 1 3 37 7 20 36 41 30 2 28 49 32 11 26 24 8 5 29 48 40 6 27 10 13 15 50 25 45 47 42 17 16 21 22 14 18 9 23 34 46 31 35 12 33 39 43
31 8 16 2 11 17 19 10 6 40 9 7 26 12 33 1 4 5 25 36 13 32 3 29 18 21 23 14 20 37 15 27 24 39 28 30 22 34 38 35
22 18 21 42 44 3 40 4 6 49 26 2 17 46 12 5 10 29 31 1 8 7 19 11 38 33 48 13 24 50 27 23 14 32 47 9 25 30 36 37 15 45 20 41 16 28 43 34 39 35
36 1 3 20 37 4 5 11 30 41 12 17 50 19 6 26 42 44 14 7 9 8 2 10 45 38 23 22 13 40 47 16 15 24 28 29 21 27 25 31 32 33 46 18 49 35 34 43 48 39
14 50 45 18 42 41 49 23 7 12 1 5 13 2 36 25 16 4 6 22 34 3 8 11 19 10 20 27 30 47 17 15 9 24 21 40 43 31 35 32 26 44 29 48 46 28 38 37 33 39
20 38 49 7 2 22 1 3 4 36 45 15 46 44 5 41 6 26 17 23 8 30 21 9 40 42 35 25 10 34 11 13 14 16 19 31 50 48 43 27 12 33 47 18 39 37 28 32 29 24
6 9 22 11 8 1 2 40 21 4 3 42 7 25 5 12 29 46 37 45 33 28 24 19 14 43 10 26 15 47 35 30 16 13 49 18 23 17 27 38 20 50 32 36 31 39 34 44 41 48
4 3 2 1 8 7 6 5 9 13 17 21 25 29 33 37 41 45 44 43 42 46 47 34 35 36 10 11 12 22 18 19 20 28 27 26 30 31 32 38 39 40 14 15 16 24 23 48
4 1 26 50 2 3 27 5 49 6 48 7 8 28 9 47 46 10 11 29 45 12 13 30 14 44 43 15 16 31 17 42 18 32 19 33 34 20 35 36 21 37 22 23 38 24 39 40 25 41
11 30 9 1 45 40 21 4 48 38 16 12 26 47 2 36 49 17 8 35 39 20 32 7 50 34 19 28 6 22 43 3 5 27 10 14 29 18 44 33 13 41 15 24 31 23 46 37 25 42
21 31 38 44 30 1 3 23 7 2 13 28 4 8 16 50 6 20 24 10 29 49 9 27 36 12 14 19 5 26 11 15 17 42 33 25 46 22 32 43 34 37 18 35 41 48 47 39 40 45
42 18 24 17 1 3 6 2 16 11 15 21 4 29 34 14 5 31 41 28 46 7 9 35 19 13 23 22 37 39 10 8 20 26 45 40 43 25 32 38 50 47 33 44 48 49 27 12 36 30
45 19 3 29 5 7 20 1 31 49 23 6 22 15 41 2 36 17 39 13 40 12 32 18 10 14 4 9 25 11 27 48 8 28 24 26 43 16 46 37 21 34 30 35 50 42 33 38 47 44
14 9 11 2 1 12 17 3 5 13 16 4 6 20 7 10 19 18 8 15
49 48 1 2 26 25 24 27 28 3 4 29 30 5 6 31 32 7 8 33 34 9 10 35 36 11 12 37 38 13 14 39 40 15 16 41 42 17 18 43 44 19 20 45 21 22 46 47 23 50
40 41 14 39 43 18 4 29 30 15 16 34 33 22 6 28 27 1 2 48 3 42 7 5 35 12 19 38 45 23 24 36 26 25 20 32 31 8 9 37 21 44 50 13 46 47 10 11 49 17
15 26 13 2 38 4 7 27 1 6 28 16 8 30 5 3 33 12 10 36 21 35 9 29 42 22 31 37 19 50 32 11 40 41 18 34 39 14 43 44 23 48 24 46 25 20 49 47 17 45
37 6 11 5 3 8 2 4 32 16 12 44 23 7 10 50 1 34 22 15 14 18 9 38 33 27 24 19 26 45 21 30 25 31 43 28 29 48 13 46 39 17 40 49 35 41 20 47 42 36
9 10 34 33 11 12 36 26 2 1 27 28 4 3 29 30 6 5 31 32 8 7 35 37 13 14 38 39 15 16 40 41 17 18 42 43 19 24 48 44 20 45 47 21 50 46 22 23 49 25
12 8 23 9 27 2 47 45 29 36 7 1 11 18 26 19 31 28 46 48 49 13 5 37 22 3 50 40 39 6 24 43 14 42 10 15 4 16 17 30 44 21 32 25 35 41 38 20 33 34
44 1 4 7 2 38 42 6 18 28 3 37 46 14 27 43 5 30 33 40 8 31 15 26 35 9 19 10 24 47 41 48 12 32 17 11 20 34 39 22 21 23 50 25 13 16 49 45 36 29
39 27 1 14 26 2 49 3 48 47 4 46 21 45 5 30 6 7 28 43 13 38 15 16 29 24 36 37 8 9 34 10 33 22 23 31 32 11 12 35 20 40 18 19 44 17 42 41 25 50
18 11 15 2 1 9 6 7 3 10 4 5 8 30 13 12 14 17 16 20 19 21 23 27 28 22 29 24 26 25 31 34 36 33 39 40 37 38 32 35 48 43 41 50 45 47 42 44 49 46
38 24 1 4 12 2 31 6 44 9 22 25 40 33 30 8 42 19 17 15 35 20 23 41 49 21 14 7 3 48 32 27 39 13 36 5 11 26 10 16 37 18 45 28 29 34 47 50 43 46
45 7 24 1 29 2 13 46 40 3 18 9 8 48 15 36 30 6 32 19 22 12 4 14 34 16 35 17 20 5 25 21 44 10 47 27 11 42 38 43 31 26 28 41 37 49 23 33 50 39
14 11 1 13 6 15 9 16 7 3 4 2 5 12 10 8]
27 23 25 6 20 41 33 7 22 5 31 2 17 10 21 8 35 18 29 32 11 28 13 1 3 9 37 43 15 19 12 4 24 16 49 42 36 38 50 44 26 39 34 14 45 47 40 30 46 48
35 47 10 1 12 42 33 20 49 7 48 3 40 36 8 14 27 46 5 2 23 41 4 22 6 9 16 11 30 38 15 17 13 24 37 26 32 29 21 18 43 25 31 50 45 28 44 34 39 19
34 17 8 31 1 27 43 2 18 23 30 13 4 28 37 36 10 19 49 6 9 12 3 5 11 16 15 35 21 38 42 45 26 7 14 20 39 46 25 32 22 33 50 48 40 47 24 29 41 44
29 35 2 9 31 21 4 10 38 27 3 15 39 23 1 17 26 36 5 7 25 22 11 8 33 24 6 19 28 13 12 34 16 18 37 20 30 40 14 32
42 49 25 8 41 46 45 31 40 33 3 2 9 38 35 37 34 10 22 1 7 14 16 13 20 5 11 24 48 15 6 17 36 43 32 26 27 28 4 23 47 21 12 29 19 18 39 44 30 50
41 2 30 8 7 28 21 36 26 15 16 27 1 25 32 4 3 44 29 5 33 49 10 11 31 9 38 13 20 34 6 47 40 17 23 39 37 24 43 50 14 45 22 48 12 18 42 46 19 35
46 5 4 3 2 1 50 7 6 45 40 11 10 9 8 43 47 34 17 18 19 20 21 22 23 24 25 26 27 28 29 30 31 38 13 12 39 41 36 16 15 14 32 35 48 42 49 37 44 33
1 29 27 42 17 25 14 34 6 12 48 40 7 39 41 18 23 5 8 4 10 9 15 43 38 26 3 16 13 46 2 11 47 19 30 24 33 50 36 21 22 32 20 45 28 49 35 44 37 31
41 27 21 19 36 39 7 5 32 48 18 44 42 1 28 6 26 30 24 9 40 13 46 12 8 31 16 47 45 14 38 11 2 49 23 37 3 17 29 25 43 10 50 4 33 35 20 22 34 15
8 5 10 11 12 1 7 6 9 2 3 4]
41 4 7 15 17 1 30 2 6 35 3 8 10 5 11 25 14 28 16 29 12 45 49 19 34 18 46 24 13 38 20 21 23 36 9 33 39 22 40 44 48 42 31 43 37 32 47 26 27 50
29 24 2 4 5 50 11 3 27 20 1 19 25 34 36 47 44 17 21 38 12 30 42 14 45 48 6 43 10 9 7 26 8 41 46 22 39 23 28 18 15 13 49 31 35 37 33 32 16 40
37 2 8 20 46 22 11 21 7 3 10 1 23 12 29 14 28 41 16 9 40 6 25 19 44 48 32 39 18 15 35 4 26 13 49 17 5 31 36 30 33 50 43 27 45 42 38 34 47 24
18 24 2 3 4 11 6 10 19 20 17 7 22 1 16 8 13 15 23 14 21 9 12 5]
11 3 1 5 47 20 14 31 6 43 32 10 4 40 7 19 18 12 9 44 2 13 45 33 8 17 36 16 38 34 48 42 23 15 26 39 25 21 22 41 46 27 28 37 29 35 24 30
47 46 45 48 43 44 30 27 28 29 32 31 36 33 34 35 38 37 42 39 40 41 1 2 21 22 10 16 25 7 13 19 20 17 3 4 5 8 6 9 12 11 14 24 15 18 26 23
7 22 21 1 14 29 28 37 30 32 6 4 12 3 33 8 10 20 38 2 46 9 5 27 11 17 15 35 40 45 16 48 31 18 47 49 19 24 25 39 50 36 43 13 23 26 41 34 44 42
15 3 7 44 8 1 13 40 9 5 4 2 11 28 26 6 24 47 18 10 37 30 16 19 49 21 12 22 14 29 17 20 23 34 32 43 48 31 36 35 33 42 38 45 39 46 27 41 50 25
45 44 43 42 41 40 39 38 37 36 35 34 33 32 31 30 29 28 27 26 25 24 23 22 21 20 19 18 17 16 15 14 13 12 11 10 9 8 7 6 5 4 3 2 1 47 46 48 49 50
21 4 5 20 1 19 12 24 18 2 13 10 17 6 3 14 7 8 26 11 9 15 16 23 22 25
32 33 7 1 50 27 18 4 38 26 2 3 48 40 21 12 41 30 5 14 37 28 6 8 44 42 24 10 39 47 9 20 34 29 22 16 35 46 15 17 43 11 13 45 19 25 31 49 23 36
42 41 1 2 26 21 22 27 23 24 28 25 29 30 3 4 35 31 6 7 32 33 5 10 34 36 11 12 37 38 13 14 39 40 15 16 43 44 17 47 49 8 9 50 19 18 45 46 20 48
34 7 24 36 5 14 4 19 6 31 1 28 41 13 27 2 3 12 17 32 38 21 11 26 8 50 49 48 47 25 39 9 15 16 45 23 42 30 10 35 44 33 43 37 20 40 18 22 46 29
43 5 28 1 9 15 18 6 26 3 7 16 44 36 10 2 11 19 12 13 38 20 23 4 50 37 14 49 24 29 34 48 8 17 25 22 30 47 45 21 27 31 33 35 40 41 32 42 46 39
32 11 23 2 48 20 5 7 1 3 6 8 29 4 41 10 12 17 19 22 21 38 9 42 13 16 27 14 50 37 28 45 26 18 43 49 24 30 46 31 47 44 33 39 15 40 25 35 34 36
2 5 11 49 38 1 21 6 9 45 7 8 15 3 24 23 17 35 4 47 34 14 10 25 50 27 39 42 18 26 22 12 13 28 30 16 44 31 20 32 37 36 33 48 41 40 19 29 46 43
37 27 39 47 11 44 7 28 26 50 13 29 9 31 46 45 23 38 36 21 40 22 6 8 5 25 12 24 4 48 14 20 32 35 42 15 19 2 1 49 3 10 34 16 43 17 33 41 18 30
9 4 3 13 1 41 5 27 7 22 17 37 49 46 10 36 6 2 40 35 12 28 44 21 14 8 30 20 29 26 18 43 15 16 19 11 34 24 48 42 33 45 38 39 31 32 25 47 23 50
32 29 5 15 28 20 8 27 11 10 43 19 4 49 9 23 45 41 1 12 42 3 13 48 16 30 22 35 24 34 50 7 44 46 6 39 26 2 33 40 14 36 25 18 38 17 31 47 21 37
2 4 1 5 6 3]
23 7 2 29 10 5 30 24 17 1 12 11 8 26 3 18 14 15 28 9 16 19 4 27 20 6 13 25 22 21
27 4 9 46 1 33 6 10 20 3 19 47 48 15 2 8 34 12 50 30 5 26 11 18 37 13 40 7 24 25 16 39 36 29 21 38 44 14 22 42 23 31 32 49 17 41 45 28 43 35
42 1 2 3 4 5 6 7 8 9 10 11 12 13 14 15 16 17 18 19 20 21 22 23 24 25 26 27 28 29 30 31 32 50 33 34 35 49 36 37 48 39 38 40 41 44 43 45 46 47
5 1 2 3 4 6 33 9 10 7 8 13 14 15 11 12 34 17 18 19 16 32 21 20 22 23 25 24 27 29 26 28 31 30
7 1 8 2 4 10 3 5 12 11 6 9]
2 3 5 8 1 4 6 7 9 10 16 13 11 12 14 15 17 18 24 21 19 20 22 23 25 26 32 31 33 34 29 30 36 35 37 38 44 47 46 28 27 39 41 42 48 45 43 40
1 2 3 4 5 6 7 8 9 10 11 12 13 14 15 16 17 18 19 20 21 22 23 24 25 26 27 28 29 30 31 32 33 34 35 36 37 38 39 40 41 42 43 44 45 47 46 48 49 50
23 4 9 24 5 12 47 26 45 10 37 17 39 38 25 6 27 48 7 13 30 3 28 35 31 2 8 34 32 41 11 42 33 44 15 40 18 1 14 19 43 20 29 21 22 50 36 16 46 49
1 14 17 3 4 9 2 10 15 20 19 12 6 5 7 13 8 11 18 16
43 9 2 37 7 24 1 4 34 49 3 20 8 29 18 11 12 21 25 5 15 17 6 10 26 35 13 22 32 47 16 19 27 30 14 23 31 50 33 40 36 48 28 39 42 38 41 45 44 46
11 44 5 2 8 6 4 1 10 16 39 50 41 38 24 13 9 32 36 14 22 3 12 19 49 20 15 28 25 48 46 30 29 31 17 33 43 34 35 18 23 21 7 47 45 37 42 27 26 40
27 18 46 23 30 2 3 26 14 6 32 1 45 21 39 20 11 4 33 36 41 7 10 8 19 47 13 50 40 24 37 9 25 48 16 15 22 35 42 29 5 49 34 28 38 12 17 44 43 31
33 49 6 19 3 44 4 22 1 29 37 24 10 8 42 7 48 13 38 25 15 2 46 39 11 9 26 31 47 36 16 12 18 34 14 20 27 17 35 23 21 43 41 50 28 32 5 40 45 30
5 7 37 20 24 42 3 4 44 45 30 40 1 39 12 27 28 13 33 26 9 10 46 43 11 15 2 6 34 23 8 32 14 19 16 35 22 21 29 36 25 17 41 38 31 18
3 24 12 32 4 31 35 23 7 22 1 14 13 16 26 42 20 36 33 9 6 30 27 5 2 17 28 10 11 40 18 15 19 41 39 21 37 25 8 29 38 34
10 2 1 14 13 6 5 12 11 3 4 48 45 7 8 15 16 19 46 44 9 35 36 17 18 47 31 32 20 21 22 30 29 23 24 49 25 26 28 27 38 37 43 34 33 39 40 50 41 42
31 43 3 13 45 8 14 5 35 4 37 2 7 10 6 36 29 42 50 11 17 24 20 30 26 9 15 27 18 12 39 21 19 25 28 23 47 1 16 38 33 49 46 48 41 22 40 32 44 34
21 20 19 14 22 11 6 27 35 30 46 47 48 1 2 3 4 5 7 8 9 10 12 13 15 16 17 18 23 24 25 26 28 29 31 32 33 34 36 37 38 43 44 45 39 40 41 42 50 49
32 40 29 13 45 19 23 44 46 1 2 3 4 5 15 9 35 26 50 8 36 34 16 10 30 38 20 22 48 14 25 31 12 17 49 27 18 47 21 7 6 33 39 41 42 24 11 37 28 43
2 1 12 44 48 41 31 35 45 49 37 32 4 3 6 20 42 29 39 13 46 11 7 5 19 14 10 15 34 36 8 9 16 18 43 28 21 17 24 38 26 22 23 25 40 47 27 33 30 50
9 38 16 25 37 36 26 18 6 13 27 49 4 7 32 5 15 41 12 45 31 33 44 3 1 10 47 8 35 39 11 23 40 17 28 46 2 42 50 21 48 30 19 24 22 29 43 14 20 34
3 1 4 6 2 5]
3 43 7 33 47 35 1 23 32 6 4 9 8 2 10 30 21 11 46 15 26 38 25 50 44 12 18 41 28 48 27 24 17 5 13 37 14 29 16 19 22 36 42 20 45 40 31 34 49 39
35 44 10 25 16 14 13 3 21 12 28 42 34 8 2 18 22 23 30 7 40 4 26 5 47 37 6 1 24 31 9 49 15 27 19 36 39 41 17 20 38 45 29 50 46 48 32 33 43 11
